X              Y
0.0000000    0.015371000
0.010000000    0.015321000
0.020000000    0.014855000
0.030000000    0.014576000
0.040000000    0.014378000
0.050000000    0.013932000
0.060000000    0.013857000
0.070000000    0.013390000
0.080000000    0.013309000
0.090000000    0.012726000
0.10000000    0.012827000
0.11000000    0.012429000
0.12000000    0.012403000
0.13000000    0.012303000
0.14000000    0.012050000
0.15000000    0.011529000
0.16000000    0.011250000
0.17000000    0.011122000
0.18000000    0.011068000
0.19000000    0.010642000
0.20000000    0.010544000
0.21000000    0.010423000
0.22000000    0.010045000
0.23000000   0.0099230000
0.24000000   0.0096890000
0.25000000   0.0096670000
0.26000000   0.0094590000
0.27000000   0.0092740000
0.28000000   0.0089630000
0.29000000   0.0089790000
0.30000000   0.0087790000
0.31000000   0.0087310000
0.32000000   0.0085200000
0.33000000   0.0083770000
0.34000000   0.0081120000
0.35000000   0.0079180000
0.36000000   0.0079810000
0.37000000   0.0078150000
0.38000000   0.0077210000
0.39000000   0.0074520000
0.40000000   0.0072470000
0.41000000   0.0071420000
0.42000000   0.0070640000
0.43000000   0.0068570000
0.44000000   0.0068580000
0.45000000   0.0066190000
0.46000000   0.0064940000
0.47000000   0.0064510000
0.48000000   0.0064470000
0.49000000   0.0062770000
0.50000000   0.0062920000
0.51000000   0.0061190000
0.52000000   0.0058320000
0.53000000   0.0057680000
0.54000000   0.0056650000
0.55000000   0.0056990000
0.56000000   0.0054680000
0.57000000   0.0054290000
0.58000000   0.0055330000
0.59000000   0.0053810000
0.60000000   0.0051680000
0.61000000   0.0051400000
0.62000000   0.0050010000
0.63000000   0.0048030000
0.64000000   0.0048400000
0.65000000   0.0046380000
0.66000000   0.0045830000
0.67000000   0.0045530000
0.68000000   0.0044410000
0.69000000   0.0044870000
0.70000000   0.0043940000
0.71000000   0.0043310000
0.72000000   0.0042790000
0.73000000   0.0041410000
0.74000000   0.0041120000
0.75000000   0.0039010000
0.76000000   0.0039160000
0.77000000   0.0038380000
0.78000000   0.0038130000
0.79000000   0.0036720000
0.80000000   0.0037070000
0.81000000   0.0035980000
0.82000000   0.0035650000
0.83000000   0.0034280000
0.84000000   0.0034920000
0.85000000   0.0033710000
0.86000000   0.0034000000
0.87000000   0.0032880000
0.88000000   0.0031930000
0.89000000   0.0031000000
0.90000000   0.0031550000
0.91000000   0.0030670000
0.92000000   0.0030370000
0.93000000   0.0029700000
0.94000000   0.0029610000
0.95000000   0.0029510000
0.96000000   0.0028100000
0.97000000   0.0027540000
0.98000000   0.0026470000
0.99000000   0.0026130000
1.0000000   0.0025860000
1.0100000   0.0025990000
1.0200000   0.0025700000
1.0300000   0.0024370000
1.0400000   0.0024820000
1.0500000   0.0024280000
1.0600000   0.0024170000
1.0700000   0.0023810000
1.0800000   0.0022980000
1.0900000   0.0023150000
1.1000000   0.0022210000
1.1100000   0.0022810000
1.1200000   0.0022490000
1.1300000   0.0021720000
1.1400000   0.0020810000
1.1500000   0.0021090000
1.1600000   0.0020410000
1.1700000   0.0019740000
1.1800000   0.0020230000
1.1900000   0.0020240000
1.2000000   0.0019300000
1.2100000   0.0019540000
1.2200000   0.0019740000
1.2300000   0.0019140000
1.2400000   0.0018640000
1.2500000   0.0018910000
1.2600000   0.0017860000
1.2700000   0.0017800000
1.2800000   0.0017760000
1.2900000   0.0017430000
1.3000000   0.0017540000
1.3100000   0.0017020000
1.3200000   0.0017360000
1.3300000   0.0017050000
1.3400000   0.0016520000
1.3500000   0.0015660000
1.3600000   0.0015590000
1.3700000   0.0015630000
1.3800000   0.0015810000
1.3900000   0.0015900000
1.4000000   0.0015750000
1.4100000   0.0015430000
1.4200000   0.0015440000
1.4300000   0.0014910000
1.4400000   0.0014710000
1.4500000   0.0014510000
1.4600000   0.0014030000
1.4700000   0.0014230000
1.4800000   0.0014310000
1.4900000   0.0013640000
1.5000000   0.0013570000
1.5100000   0.0013600000
1.5200000   0.0013480000
1.5300000   0.0013840000
1.5400000   0.0012480000
1.5500000   0.0013140000
1.5600000   0.0012640000
1.5700000   0.0013210000
1.5800000   0.0012450000
1.5900000   0.0012330000
1.6000000   0.0012470000
1.6100000   0.0012340000
1.6200000   0.0012180000
1.6300000   0.0012480000
1.6400000   0.0012160000
1.6500000   0.0011110000
1.6600000   0.0011610000
1.6700000   0.0012100000
1.6800000   0.0011530000
1.6900000   0.0011470000
1.7000000   0.0011520000
1.7100000   0.0010940000
1.7200000   0.0011260000
1.7300000   0.0010650000
1.7400000   0.0010710000
1.7500000   0.0010800000
1.7600000   0.0010420000
1.7700000   0.0010630000
1.7800000   0.0010770000
1.7900000   0.0010280000
1.8000000   0.0010370000
1.8100000   0.0010010000
1.8200000  0.00095200000
1.8300000   0.0010250000
1.8400000  0.00096900000
1.8500000  0.00099200000
1.8600000  0.00097000000
1.8700000  0.00094200000
1.8800000  0.00096300000
1.8900000  0.00097200000
1.9000000  0.00092900000
1.9100000  0.00098700000
1.9200000  0.00095600000
1.9300000  0.00087900000
1.9400000  0.00088600000
1.9500000  0.00087800000
1.9600000  0.00092400000
1.9700000  0.00090900000
1.9800000  0.00087400000
1.9900000  0.00083500000
2.0000000  0.00088100000
2.0100000  0.00084700000
2.0200000  0.00088700000
2.0300000  0.00083900000
2.0400000  0.00082000000
2.0500000  0.00081700000
2.0600000  0.00086300000
2.0700000  0.00084000000
2.0800000  0.00078200000
2.0900000  0.00078900000
2.1000000  0.00080400000
2.1100000  0.00080200000
2.1200000  0.00078500000
2.1300000  0.00080300000
2.1400000  0.00073900000
2.1500000  0.00080300000
2.1600000  0.00072600000
2.1700000  0.00078300000
2.1800000  0.00074700000
2.1900000  0.00071900000
2.2000000  0.00072700000
2.2100000  0.00076700000
2.2200000  0.00068700000
2.2300000  0.00070900000
2.2400000  0.00069900000
2.2500000  0.00070200000
2.2600000  0.00069900000
2.2700000  0.00063600000
2.2800000  0.00069100000
2.2900000  0.00071500000
2.3000000  0.00069300000
2.3100000  0.00060700000
2.3200000  0.00066200000
2.3300000  0.00064800000
2.3400000  0.00065200000
2.3500000  0.00064600000
2.3600000  0.00066700000
2.3700000  0.00066500000
2.3800000  0.00068200000
2.3900000  0.00063600000
2.4000000  0.00062900000
2.4100000  0.00061100000
2.4200000  0.00059900000
2.4300000  0.00065100000
2.4400000  0.00061200000
2.4500000  0.00063200000
2.4600000  0.00057000000
2.4700000  0.00061100000
2.4800000  0.00060100000
2.4900000  0.00059200000
2.5000000  0.00060000000
2.5100000  0.00055700000
2.5200000  0.00060100000
2.5300000  0.00057200000
2.5400000  0.00049400000
2.5500000  0.00057400000
2.5600000  0.00056600000
2.5700000  0.00056300000
2.5800000  0.00049900000
2.5900000  0.00053900000
2.6000000  0.00054500000
2.6100000  0.00052900000
2.6200000  0.00054300000
2.6300000  0.00055900000
2.6400000  0.00048900000
2.6500000  0.00050400000
2.6600000  0.00055700000
2.6700000  0.00051400000
2.6800000  0.00051500000
2.6900000  0.00050800000
2.7000000  0.00050700000
2.7100000  0.00046300000
2.7200000  0.00053100000
2.7300000  0.00051200000
2.7400000  0.00047900000
2.7500000  0.00049100000
2.7600000  0.00047900000
2.7700000  0.00048700000
2.7800000  0.00048500000
2.7900000  0.00048800000
2.8000000  0.00045600000
2.8100000  0.00047000000
2.8200000  0.00046900000
2.8300000  0.00043000000
2.8400000  0.00044700000
2.8500000  0.00041600000
2.8600000  0.00047100000
2.8700000  0.00048000000
2.8800000  0.00045100000
2.8900000  0.00047700000
2.9000000  0.00041200000
2.9100000  0.00044100000
2.9200000  0.00046500000
2.9300000  0.00041600000
2.9400000  0.00041000000
2.9500000  0.00042900000
2.9600000  0.00046500000
2.9700000  0.00045200000
2.9800000  0.00041000000
2.9900000  0.00039800000
3.0000000  0.00040400000
3.0100000  0.00041200000
3.0200000  0.00037900000
3.0300000  0.00036900000
3.0400000  0.00038900000
3.0500000  0.00043000000
3.0600000  0.00039600000
3.0700000  0.00037800000
3.0800000  0.00040200000
3.0900000  0.00033400000
3.1000000  0.00038700000
3.1100000  0.00038800000
3.1200000  0.00038600000
3.1300000  0.00036300000
3.1400000  0.00036700000
3.1500000  0.00039200000
3.1600000  0.00036500000
3.1700000  0.00039800000
3.1800000  0.00038100000
3.1900000  0.00036600000
3.2000000  0.00039500000
3.2100000  0.00034700000
3.2200000  0.00037200000
3.2300000  0.00037500000
3.2400000  0.00033000000
3.2500000  0.00034000000
3.2600000  0.00036100000
3.2700000  0.00032100000
3.2800000  0.00031600000
3.2900000  0.00029500000
3.3000000  0.00034300000
3.3100000  0.00030900000
3.3200000  0.00030800000
3.3300000  0.00033700000
3.3400000  0.00032300000
3.3500000  0.00035200000
3.3600000  0.00030600000
3.3700000  0.00035200000
3.3800000  0.00030500000
3.3900000  0.00029500000
3.4000000  0.00034400000
3.4100000  0.00031600000
3.4200000  0.00028000000
3.4300000  0.00032000000
3.4400000  0.00031100000
3.4500000  0.00030000000
3.4600000  0.00033200000
3.4700000  0.00034400000
3.4800000  0.00030200000
3.4900000  0.00030300000
3.5000000  0.00029500000
3.5100000  0.00029300000
3.5200000  0.00027900000
3.5300000  0.00030900000
3.5400000  0.00027900000
3.5500000  0.00028900000
3.5600000  0.00026200000
3.5700000  0.00027100000
3.5800000  0.00030000000
3.5900000  0.00025700000
3.6000000  0.00027300000
3.6100000  0.00026600000
3.6200000  0.00027600000
3.6300000  0.00029100000
3.6400000  0.00029400000
3.6500000  0.00027400000
3.6600000  0.00026400000
3.6700000  0.00023800000
3.6800000  0.00027600000
3.6900000  0.00029200000
3.7000000  0.00027000000
3.7100000  0.00025400000
3.7200000  0.00024200000
3.7300000  0.00024300000
3.7400000  0.00026800000
3.7500000  0.00024000000
3.7600000  0.00028400000
3.7700000  0.00025400000
3.7800000  0.00024700000
3.7900000  0.00025700000
3.8000000  0.00024700000
3.8100000  0.00024300000
3.8200000  0.00024400000
3.8300000  0.00023700000
3.8400000  0.00025500000
3.8500000  0.00025900000
3.8600000  0.00024600000
3.8700000  0.00021900000
3.8800000  0.00024300000
3.8900000  0.00022800000
3.9000000  0.00021600000
3.9100000  0.00024800000
3.9200000  0.00023000000
3.9300000  0.00024800000
3.9400000  0.00024000000
3.9500000  0.00024200000
3.9600000  0.00024000000
3.9700000  0.00026000000
3.9800000  0.00023700000
3.9900000  0.00024400000
4.0000000  0.00021900000
4.0100000  0.00021700000
4.0200000  0.00021200000
4.0300000  0.00021800000
4.0400000  0.00022100000
4.0500000  0.00020800000
4.0600000  0.00022400000
4.0700000  0.00023300000
4.0800000  0.00022100000
4.0900000  0.00020200000
4.1000000  0.00018600000
4.1100000  0.00022800000
4.1200000  0.00021200000
4.1300000  0.00020900000
4.1400000  0.00020300000
4.1500000  0.00021200000
4.1600000  0.00020200000
4.1700000  0.00021800000
4.1800000  0.00017400000
4.1900000  0.00020900000
4.2000000  0.00020500000
4.2100000  0.00018300000
4.2200000  0.00021100000
4.2300000  0.00018900000
4.2400000  0.00017700000
4.2500000  0.00016500000
4.2600000  0.00021200000
4.2700000  0.00018700000
4.2800000  0.00019600000
4.2900000  0.00020700000
4.3000000  0.00018600000
4.3100000  0.00019600000
4.3200000  0.00018400000
4.3300000  0.00019300000
4.3400000  0.00019200000
4.3500000  0.00018700000
4.3600000  0.00019400000
4.3700000  0.00018500000
4.3800000  0.00020700000
4.3900000  0.00019100000
4.4000000  0.00016100000
4.4100000  0.00017500000
4.4200000  0.00017800000
4.4300000  0.00018300000
4.4400000  0.00015200000
4.4500000  0.00019800000
4.4600000  0.00017300000
4.4700000  0.00018100000
4.4800000  0.00018100000
4.4900000  0.00018000000
4.5000000  0.00019300000
4.5100000  0.00018700000
4.5200000  0.00017400000
4.5300000  0.00016700000
4.5400000  0.00017700000
4.5500000  0.00015500000
4.5600000  0.00018700000
4.5700000  0.00014500000
4.5800000  0.00019000000
4.5900000  0.00017900000
4.6000000  0.00015100000
4.6100000  0.00016200000
4.6200000  0.00015900000
4.6300000  0.00016400000
4.6400000  0.00017100000
4.6500000  0.00017400000
4.6600000  0.00017800000
4.6700000  0.00015900000
4.6800000  0.00014600000
4.6900000  0.00013700000
4.7000000  0.00014700000
4.7100000  0.00015500000
4.7200000  0.00012700000
4.7300000  0.00014400000
4.7400000  0.00014500000
4.7500000  0.00015300000
4.7600000  0.00014100000
4.7700000  0.00015000000
4.7800000  0.00017200000
4.7900000  0.00013800000
4.8000000  0.00013100000
4.8100000  0.00014100000
4.8200000  0.00016500000
4.8300000  0.00013800000
4.8400000  0.00013300000
4.8500000  0.00012800000
4.8600000  0.00012900000
4.8700000  0.00015000000
4.8800000  0.00016200000
4.8900000  0.00012900000
4.9000000  0.00014700000
4.9100000  0.00013300000
4.9200000  0.00013500000
4.9300000  0.00012900000
4.9400000  0.00014700000
4.9500000  9.9000000E-05
4.9600000  0.00012600000
4.9700000  0.00011900000
4.9800000  0.00012300000
4.9900000  0.00011200000
5.0000000  0.00015500000
5.0100000  0.00012400000
5.0200000  0.00013100000
5.0300000  0.00013900000
5.0400000  0.00015300000
5.0500000  0.00014600000
5.0600000  0.00015200000
5.0700000  0.00012200000
5.0800000  0.00013800000
5.0900000  0.00010000000
5.1000000  0.00010700000
5.1100000  0.00011300000
5.1200000  0.00012800000
5.1300000  0.00012100000
5.1400000  0.00012200000
5.1500000  0.00013000000
5.1600000  0.00010900000
5.1700000  0.00011000000
5.1800000  0.00010400000
5.1900000  0.00011400000
5.2000000  0.00012300000
5.2100000  0.00013600000
5.2200000  0.00010500000
5.2300000  0.00010800000
5.2400000  0.00012300000
5.2500000  0.00013200000
5.2600000  0.00011900000
5.2700000  0.00011000000
5.2800000  0.00012300000
5.2900000  0.00012200000
5.3000000  0.00010000000
5.3100000  0.00012100000
5.3200000  0.00012800000
5.3300000  0.00011400000
5.3400000  0.00011800000
5.3500000  0.00011600000
5.3600000  0.00012000000
5.3700000  0.00012000000
5.3800000  0.00010600000
5.3900000  0.00011600000
5.4000000  0.00011000000
5.4100000  0.00011900000
5.4200000  0.00011800000
5.4300000  0.00011100000
5.4400000  0.00011200000
5.4500000  0.00011300000
5.4600000  0.00012100000
5.4700000  0.00010800000
5.4800000  9.7000000E-05
5.4900000  0.00010600000
5.5000000  9.8000000E-05
5.5100000  9.9000000E-05
5.5200000  0.00010600000
5.5300000  0.00010100000
5.5400000  0.00011900000
5.5500000  9.8000000E-05
5.5600000  9.4000000E-05
5.5700000  0.00010000000
5.5800000  0.00011200000
5.5900000  8.6000000E-05
5.6000000  0.00010900000
5.6100000  0.00010900000
5.6200000  8.7000000E-05
5.6300000  9.3000000E-05
5.6400000  9.1000000E-05
5.6500000  9.4000000E-05
5.6600000  9.4000000E-05
5.6700000  9.2000000E-05
5.6800000  9.4000000E-05
5.6900000  9.7000000E-05
5.7000000  7.4000000E-05
5.7100000  0.00010200000
5.7200000  7.8000000E-05
5.7300000  7.6000000E-05
5.7400000  8.6000000E-05
5.7500000  9.4000000E-05
5.7600000  9.3000000E-05
5.7700000  9.9000000E-05
5.7800000  9.2000000E-05
5.7900000  8.9000000E-05
5.8000000  0.00010300000
5.8100000  0.00010000000
5.8200000  8.6000000E-05
5.8300000  9.4000000E-05
5.8400000  8.8000000E-05
5.8500000  9.4000000E-05
5.8600000  8.1000000E-05
5.8700000  8.4000000E-05
5.8800000  8.8000000E-05
5.8900000  7.2000000E-05
5.9000000  7.6000000E-05
5.9100000  9.0000000E-05
5.9200000  7.7000000E-05
5.9300000  7.9000000E-05
5.9400000  8.0000000E-05
5.9500000  7.7000000E-05
5.9600000  9.1000000E-05
5.9700000  9.3000000E-05
5.9800000  7.8000000E-05
5.9900000  0.00010900000
6.0000000  7.7000000E-05
6.0100000  6.4000000E-05
6.0200000  8.6000000E-05
6.0300000  7.1000000E-05
6.0400000  8.5000000E-05
6.0500000  8.8000000E-05
6.0600000  8.2000000E-05
6.0700000  8.2000000E-05
6.0800000  6.4000000E-05
6.0900000  7.8000000E-05
6.1000000  7.6000000E-05
6.1100000  9.1000000E-05
6.1200000  7.4000000E-05
6.1300000  7.3000000E-05
6.1400000  6.5000000E-05
6.1500000  7.6000000E-05
6.1600000  6.6000000E-05
6.1700000  7.2000000E-05
6.1800000  7.9000000E-05
6.1900000  5.6000000E-05
6.2000000  7.6000000E-05
6.2100000  7.4000000E-05
6.2200000  6.5000000E-05
6.2300000  6.4000000E-05
6.2400000  5.4000000E-05
6.2500000  6.8000000E-05
6.2600000  8.1000000E-05
6.2700000  6.3000000E-05
6.2800000  6.8000000E-05
6.2900000  6.4000000E-05
6.3000000  7.6000000E-05
6.3100000  5.5000000E-05
6.3200000  6.3000000E-05
6.3300000  8.6000000E-05
6.3400000  6.9000000E-05
6.3500000  6.5000000E-05
6.3600000  6.4000000E-05
6.3700000  7.0000000E-05
6.3800000  6.4000000E-05
6.3900000  5.8000000E-05
6.4000000  6.0000000E-05
6.4100000  6.4000000E-05
6.4200000  6.2000000E-05
6.4300000  6.4000000E-05
6.4400000  7.3000000E-05
6.4500000  5.9000000E-05
6.4600000  5.4000000E-05
6.4700000  7.5000000E-05
6.4800000  6.6000000E-05
6.4900000  5.9000000E-05
6.5000000  7.4000000E-05
6.5100000  6.7000000E-05
6.5200000  6.3000000E-05
6.5300000  5.9000000E-05
6.5400000  6.5000000E-05
6.5500000  5.4000000E-05
6.5600000  7.4000000E-05
6.5700000  5.6000000E-05
6.5800000  6.7000000E-05
6.5900000  5.1000000E-05
6.6000000  6.8000000E-05
6.6100000  6.9000000E-05
6.6200000  5.8000000E-05
6.6300000  6.1000000E-05
6.6400000  4.9000000E-05
6.6500000  6.6000000E-05
6.6600000  6.2000000E-05
6.6700000  7.3000000E-05
6.6800000  5.0000000E-05
6.6900000  5.8000000E-05
6.7000000  4.9000000E-05
6.7100000  6.5000000E-05
6.7200000  6.9000000E-05
6.7300000  5.6000000E-05
6.7400000  5.4000000E-05
6.7500000  6.8000000E-05
6.7600000  4.2000000E-05
6.7700000  4.3000000E-05
6.7800000  5.6000000E-05
6.7900000  4.8000000E-05
6.8000000  3.6000000E-05
6.8100000  6.3000000E-05
6.8200000  5.5000000E-05
6.8300000  6.3000000E-05
6.8400000  6.2000000E-05
6.8500000  5.0000000E-05
6.8600000  6.8000000E-05
6.8700000  5.0000000E-05
6.8800000  4.6000000E-05
6.8900000  5.2000000E-05
6.9000000  6.5000000E-05
6.9100000  5.4000000E-05
6.9200000  5.6000000E-05
6.9300000  4.8000000E-05
6.9400000  5.7000000E-05
6.9500000  3.9000000E-05
6.9600000  5.2000000E-05
6.9700000  5.6000000E-05
6.9800000  6.4000000E-05
6.9900000  5.6000000E-05
7.0000000  5.3000000E-05
7.0100000  5.0000000E-05
7.0200000  5.1000000E-05
7.0300000  4.6000000E-05
7.0400000  6.4000000E-05
7.0500000  4.0000000E-05
7.0600000  5.3000000E-05
7.0700000  4.4000000E-05
7.0800000  3.0000000E-05
7.0900000  4.4000000E-05
7.1000000  5.9000000E-05
7.1100000  4.8000000E-05
7.1200000  5.7000000E-05
7.1300000  4.6000000E-05
7.1400000  4.9000000E-05
7.1500000  5.0000000E-05
7.1600000  5.7000000E-05
7.1700000  6.0000000E-05
7.1800000  5.6000000E-05
7.1900000  3.0000000E-05
7.2000000  3.5000000E-05
7.2100000  5.4000000E-05
7.2200000  5.8000000E-05
7.2300000  3.9000000E-05
7.2400000  4.4000000E-05
7.2500000  4.3000000E-05
7.2600000  5.2000000E-05
7.2700000  4.3000000E-05
7.2800000  4.6000000E-05
7.2900000  4.9000000E-05
7.3000000  3.8000000E-05
7.3100000  5.1000000E-05
7.3200000  4.3000000E-05
7.3300000  3.4000000E-05
7.3400000  3.5000000E-05
7.3500000  3.3000000E-05
7.3600000  4.0000000E-05
7.3700000  4.7000000E-05
7.3800000  3.5000000E-05
7.3900000  4.0000000E-05
7.4000000  4.5000000E-05
7.4100000  3.8000000E-05
7.4200000  4.5000000E-05
7.4300000  4.6000000E-05
7.4400000  3.1000000E-05
7.4500000  4.7000000E-05
7.4600000  4.2000000E-05
7.4700000  4.1000000E-05
7.4800000  5.5000000E-05
7.4900000  3.0000000E-05
7.5000000  4.4000000E-05
7.5100000  5.0000000E-05
7.5200000  4.9000000E-05
7.5300000  4.2000000E-05
7.5400000  3.9000000E-05
7.5500000  4.5000000E-05
7.5600000  3.2000000E-05
7.5700000  3.6000000E-05
7.5800000  4.2000000E-05
7.5900000  3.3000000E-05
7.6000000  3.9000000E-05
7.6100000  4.1000000E-05
7.6200000  2.9000000E-05
7.6300000  3.6000000E-05
7.6400000  4.2000000E-05
7.6500000  4.6000000E-05
7.6600000  5.1000000E-05
7.6700000  3.3000000E-05
7.6800000  2.7000000E-05
7.6900000  3.6000000E-05
7.7000000  3.7000000E-05
7.7100000  4.6000000E-05
7.7200000  3.8000000E-05
7.7300000  3.9000000E-05
7.7400000  3.3000000E-05
7.7500000  3.2000000E-05
7.7600000  2.3000000E-05
7.7700000  3.0000000E-05
7.7800000  4.0000000E-05
7.7900000  4.1000000E-05
7.8000000  3.0000000E-05
7.8100000  2.4000000E-05
7.8200000  3.3000000E-05
7.8300000  3.3000000E-05
7.8400000  2.8000000E-05
7.8500000  3.3000000E-05
7.8600000  2.9000000E-05
7.8700000  2.9000000E-05
7.8800000  3.1000000E-05
7.8900000  3.3000000E-05
7.9000000  2.9000000E-05
7.9100000  4.5000000E-05
7.9200000  3.7000000E-05
7.9300000  3.7000000E-05
7.9400000  3.2000000E-05
7.9500000  3.5000000E-05
7.9600000  3.2000000E-05
7.9700000  2.3000000E-05
7.9800000  3.8000000E-05
7.9900000  2.4000000E-05
8.0000000  3.1000000E-05
8.0100000  4.1000000E-05
8.0200000  2.7000000E-05
8.0300000  2.8000000E-05
8.0400000  2.7000000E-05
8.0500000  3.5000000E-05
8.0600000  3.6000000E-05
8.0700000  2.5000000E-05
8.0800000  2.8000000E-05
8.0900000  3.0000000E-05
8.1000000  2.6000000E-05
8.1100000  2.8000000E-05
8.1200000  2.9000000E-05
8.1300000  2.9000000E-05
8.1400000  2.7000000E-05
8.1500000  3.8000000E-05
8.1600000  4.0000000E-05
8.1700000  3.0000000E-05
8.1800000  2.6000000E-05
8.1900000  3.0000000E-05
8.2000000  3.3000000E-05
8.2100000  3.8000000E-05
8.2200000  2.6000000E-05
8.2300000  3.7000000E-05
8.2400000  2.9000000E-05
8.2500000  3.4000000E-05
8.2600000  3.4000000E-05
8.2700000  2.0000000E-05
8.2800000  2.7000000E-05
8.2900000  2.9000000E-05
8.3000000  3.4000000E-05
8.3100000  2.7000000E-05
8.3200000  2.4000000E-05
8.3300000  2.9000000E-05
8.3400000  2.5000000E-05
8.3500000  2.2000000E-05
8.3600000  3.1000000E-05
8.3700000  2.9000000E-05
8.3800000  2.2000000E-05
8.3900000  2.5000000E-05
8.4000000  2.6000000E-05
8.4100000  2.2000000E-05
8.4200000  3.7000000E-05
8.4300000  3.7000000E-05
8.4400000  2.9000000E-05
8.4500000  3.1000000E-05
8.4600000  1.9000000E-05
8.4700000  2.8000000E-05
8.4800000  3.7000000E-05
8.4900000  2.2000000E-05
8.5000000  3.0000000E-05
8.5100000  2.8000000E-05
8.5200000  1.5000000E-05
8.5300000  3.2000000E-05
8.5400000  2.0000000E-05
8.5500000  2.4000000E-05
8.5600000  2.2000000E-05
8.5700000  2.1000000E-05
8.5800000  3.0000000E-05
8.5900000  2.6000000E-05
8.6000000  2.5000000E-05
8.6100000  2.0000000E-05
8.6200000  1.7000000E-05
8.6300000  1.9000000E-05
8.6400000  2.1000000E-05
8.6500000  2.2000000E-05
8.6600000  1.9000000E-05
8.6700000  2.7000000E-05
8.6800000  2.6000000E-05
8.6900000  1.7000000E-05
8.7000000  2.4000000E-05
8.7100000  2.6000000E-05
8.7200000  2.7000000E-05
8.7300000  2.5000000E-05
8.7400000  2.3000000E-05
8.7500000  1.7000000E-05
8.7600000  2.1000000E-05
8.7700000  2.7000000E-05
8.7800000  2.1000000E-05
8.7900000  2.3000000E-05
8.8000000  2.8000000E-05
8.8100000  2.5000000E-05
8.8200000  2.3000000E-05
8.8300000  1.9000000E-05
8.8400000  2.6000000E-05
8.8500000  2.6000000E-05
8.8600000  1.7000000E-05
8.8700000  3.0000000E-05
8.8800000  2.3000000E-05
8.8900000  3.1000000E-05
8.9000000  2.5000000E-05
8.9100000  1.8000000E-05
8.9200000  2.7000000E-05
8.9300000  1.8000000E-05
8.9400000  1.9000000E-05
8.9500000  1.4000000E-05
8.9600000  3.1000000E-05
8.9700000  2.2000000E-05
8.9800000  1.9000000E-05
8.9900000  1.3000000E-05
9.0000000  1.6000000E-05
9.0100000  1.5000000E-05
9.0200000  2.0000000E-05
9.0300000  2.7000000E-05
9.0400000  1.7000000E-05
9.0500000  2.0000000E-05
9.0600000  2.0000000E-05
9.0700000  1.5000000E-05
9.0800000  2.3000000E-05
9.0900000  1.1000000E-05
9.1000000  2.5000000E-05
9.1100000  1.9000000E-05
9.1200000  1.9000000E-05
9.1300000  1.9000000E-05
9.1400000  2.3000000E-05
9.1500000  2.3000000E-05
9.1600000  9.0000000E-06
9.1700000  1.8000000E-05
9.1800000  1.5000000E-05
9.1900000  2.0000000E-05
9.2000000  1.6000000E-05
9.2100000  2.3000000E-05
9.2200000  1.1000000E-05
9.2300000  1.3000000E-05
9.2400000  1.7000000E-05
9.2500000  1.5000000E-05
9.2600000  1.8000000E-05
9.2700000  1.1000000E-05
9.2800000  1.6000000E-05
9.2900000  1.6000000E-05
9.3000000  2.1000000E-05
9.3100000  1.7000000E-05
9.3200000  2.9000000E-05
9.3300000  1.5000000E-05
9.3400000  1.6000000E-05
9.3500000  1.5000000E-05
9.3600000  2.3000000E-05
9.3700000  1.6000000E-05
9.3800000  1.5000000E-05
9.3900000  2.3000000E-05
9.4000000  2.1000000E-05
9.4100000  1.9000000E-05
9.4200000  1.9000000E-05
9.4300000  2.0000000E-05
9.4400000  1.8000000E-05
9.4500000  1.7000000E-05
9.4600000  1.8000000E-05
9.4700000  1.4000000E-05
9.4800000  8.0000000E-06
9.4900000  1.4000000E-05
9.5000000  1.2000000E-05
9.5100000  1.2000000E-05
9.5200000  1.6000000E-05
9.5300000  1.3000000E-05
9.5400000  1.7000000E-05
9.5500000  2.5000000E-05
9.5600000  1.5000000E-05
9.5700000  1.8000000E-05
9.5800000  2.3000000E-05
9.5900000  1.8000000E-05
9.6000000  1.2000000E-05
9.6100000  1.6000000E-05
9.6200000  1.1000000E-05
9.6300000  1.6000000E-05
9.6400000  1.4000000E-05
9.6500000  1.9000000E-05
9.6600000  1.6000000E-05
9.6700000  1.3000000E-05
9.6800000  2.0000000E-05
9.6900000  1.5000000E-05
9.7000000  1.3000000E-05
9.7100000  1.6000000E-05
9.7200000  1.5000000E-05
9.7300000  8.0000000E-06
9.7400000  1.3000000E-05
9.7500000  1.1000000E-05
9.7600000  1.3000000E-05
9.7700000  1.5000000E-05
9.7800000  5.0000000E-06
9.7900000  2.1000000E-05
9.8000000  1.4000000E-05
9.8100000  1.5000000E-05
9.8200000  1.2000000E-05
9.8300000  1.1000000E-05
9.8400000  1.4000000E-05
9.8500000  1.6000000E-05
9.8600000  1.7000000E-05
9.8700000  1.4000000E-05
9.8800000  1.3000000E-05
9.8900000  9.0000000E-06
9.9000000  1.4000000E-05
9.9100000  1.5000000E-05
9.9200000  1.3000000E-05
9.9300000  1.2000000E-05
9.9400000  1.8000000E-05
9.9500000  1.4000000E-05
9.9600000  1.5000000E-05
9.9700000  1.3000000E-05
9.9800000  1.1000000E-05
9.9900000  1.6000000E-05
10.000000  1.4000000E-05
10.010000  1.7000000E-05
10.020000  1.2000000E-05
10.030000  1.1000000E-05
10.040000  1.2000000E-05
10.050000  1.4000000E-05
10.060000  1.1000000E-05
10.070000  1.0000000E-05
10.080000  1.4000000E-05
10.090000  1.6000000E-05
10.100000  9.0000000E-06
10.110000  1.6000000E-05
10.120000  1.8000000E-05
10.130000  1.6000000E-05
10.140000  8.0000000E-06
10.150000  1.1000000E-05
10.160000  1.6000000E-05
10.170000  1.4000000E-05
10.180000  1.2000000E-05
10.190000  6.0000000E-06
10.200000  1.1000000E-05
10.210000  1.4000000E-05
10.220000  1.2000000E-05
10.230000  1.6000000E-05
10.240000  6.0000000E-06
10.250000  1.4000000E-05
10.260000  1.2000000E-05
10.270000  1.9000000E-05
10.280000  8.0000000E-06
10.290000  8.0000000E-06
10.300000  2.0000000E-05
10.310000  1.2000000E-05
10.320000  1.2000000E-05
10.330000  1.1000000E-05
10.340000  7.0000000E-06
10.350000  1.2000000E-05
10.360000  1.2000000E-05
10.370000  7.0000000E-06
10.380000  8.0000000E-06
10.390000  8.0000000E-06
10.400000  7.0000000E-06
10.410000  1.0000000E-05
10.420000  1.2000000E-05
10.430000  1.4000000E-05
10.440000  1.1000000E-05
10.450000  9.0000000E-06
10.460000  1.2000000E-05
10.470000  7.0000000E-06
10.480000  1.5000000E-05
10.490000  1.2000000E-05
10.500000  9.0000000E-06
10.510000  1.1000000E-05
10.520000  1.3000000E-05
10.530000  1.2000000E-05
10.540000  7.0000000E-06
10.550000  2.1000000E-05
10.560000  1.4000000E-05
10.570000  1.2000000E-05
10.580000  8.0000000E-06
10.590000  1.3000000E-05
10.600000  9.0000000E-06
10.610000  1.2000000E-05
10.620000  6.0000000E-06
10.630000  1.2000000E-05
10.640000  1.0000000E-05
10.650000  7.0000000E-06
10.660000  1.1000000E-05
10.670000  1.3000000E-05
10.680000  7.0000000E-06
10.690000  1.0000000E-05
10.700000  9.0000000E-06
10.710000  1.2000000E-05
10.720000  9.0000000E-06
10.730000  8.0000000E-06
10.740000  7.0000000E-06
10.750000  1.0000000E-05
10.760000  5.0000000E-06
10.770000  9.0000000E-06
10.780000  1.1000000E-05
10.790000  1.3000000E-05
10.800000  7.0000000E-06
10.810000  8.0000000E-06
10.820000  1.1000000E-05
10.830000  7.0000000E-06
10.840000  9.0000000E-06
10.850000  8.0000000E-06
10.860000  1.0000000E-05
10.870000  8.0000000E-06
10.880000  8.0000000E-06
10.890000  1.1000000E-05
10.900000  1.0000000E-05
10.910000  8.0000000E-06
10.920000  1.2000000E-05
10.930000  9.0000000E-06
10.940000  8.0000000E-06
10.950000  9.0000000E-06
10.960000  6.0000000E-06
10.970000  6.0000000E-06
10.980000  7.0000000E-06
10.990000  1.2000000E-05
11.000000  1.3000000E-05
11.010000  7.0000000E-06
11.020000  1.3000000E-05
11.030000  8.0000000E-06
11.040000  6.0000000E-06
11.050000  1.0000000E-05
11.060000  9.0000000E-06
11.070000  8.0000000E-06
11.080000  3.0000000E-06
11.090000  1.1000000E-05
11.100000  1.0000000E-05
11.110000  5.0000000E-06
11.120000  6.0000000E-06
11.130000  9.0000000E-06
11.140000  1.2000000E-05
11.150000  9.0000000E-06
11.160000  9.0000000E-06
11.170000  4.0000000E-06
11.180000  5.0000000E-06
11.190000  9.0000000E-06
11.200000  9.0000000E-06
11.210000  9.0000000E-06
11.220000  1.1000000E-05
11.230000  1.0000000E-05
11.240000  1.0000000E-05
11.250000  9.0000000E-06
11.260000  1.1000000E-05
11.270000  1.1000000E-05
11.280000  3.0000000E-06
11.290000  1.0000000E-05
11.300000  7.0000000E-06
11.310000  8.0000000E-06
11.320000  4.0000000E-06
11.330000  5.0000000E-06
11.340000  6.0000000E-06
11.350000  8.0000000E-06
11.360000  3.0000000E-06
11.370000  6.0000000E-06
11.380000  1.2000000E-05
11.390000  5.0000000E-06
11.400000  9.0000000E-06
11.410000  1.1000000E-05
11.420000  5.0000000E-06
11.430000  1.0000000E-05
11.440000  5.0000000E-06
11.450000  8.0000000E-06
11.460000  6.0000000E-06
11.470000  6.0000000E-06
11.480000  7.0000000E-06
11.490000  6.0000000E-06
11.500000  1.4000000E-05
11.510000  8.0000000E-06
11.520000  5.0000000E-06
11.530000  6.0000000E-06
11.540000  7.0000000E-06
11.550000  5.0000000E-06
11.560000  7.0000000E-06
11.570000  5.0000000E-06
11.580000  1.0000000E-05
11.590000  8.0000000E-06
11.600000  3.0000000E-06
11.610000  1.0000000E-05
11.620000  7.0000000E-06
11.630000  7.0000000E-06
11.640000  8.0000000E-06
11.650000  3.0000000E-06
11.660000  5.0000000E-06
11.670000  4.0000000E-06
11.680000  8.0000000E-06
11.690000  9.0000000E-06
11.700000  7.0000000E-06
11.710000  4.0000000E-06
11.720000  7.0000000E-06
11.730000  2.0000000E-06
11.740000  4.0000000E-06
11.750000  6.0000000E-06
11.760000  1.0000000E-05
11.770000  5.0000000E-06
11.780000  4.0000000E-06
11.790000  8.0000000E-06
11.800000  2.0000000E-06
11.810000  1.0000000E-06
11.820000  4.0000000E-06
11.830000  1.1000000E-05
11.840000  1.0000000E-06
11.850000  6.0000000E-06
11.860000  8.0000000E-06
11.870000  7.0000000E-06
11.880000  8.0000000E-06
11.890000  4.0000000E-06
11.900000  3.0000000E-06
11.910000  5.0000000E-06
11.920000  8.0000000E-06
11.930000  4.0000000E-06
11.940000  3.0000000E-06
11.950000  6.0000000E-06
11.960000  3.0000000E-06
11.970000  9.0000000E-06
11.980000  4.0000000E-06
11.990000  7.0000000E-06
12.000000  1.0000000E-06
12.010000  4.0000000E-06
12.020000  4.0000000E-06
12.030000  6.0000000E-06
12.040000  2.0000000E-06
12.050000  6.0000000E-06
12.060000  6.0000000E-06
12.070000  7.0000000E-06
12.080000  8.0000000E-06
12.090000  4.0000000E-06
12.100000  5.0000000E-06
12.110000  7.0000000E-06
12.120000  8.0000000E-06
12.130000  8.0000000E-06
12.140000  5.0000000E-06
12.150000  3.0000000E-06
12.160000  4.0000000E-06
12.170000  2.0000000E-06
12.180000  9.0000000E-06
12.190000  3.0000000E-06
12.200000  5.0000000E-06
12.210000  8.0000000E-06
12.220000  3.0000000E-06
12.230000  4.0000000E-06
12.240000  3.0000000E-06
12.250000  3.0000000E-06
12.260000  4.0000000E-06
12.270000  3.0000000E-06
12.280000  5.0000000E-06
12.290000  7.0000000E-06
12.300000  1.0000000E-06
12.310000  7.0000000E-06
12.320000  1.0000000E-06
12.330000  5.0000000E-06
12.340000  4.0000000E-06
12.350000  5.0000000E-06
12.360000  6.0000000E-06
12.370000  4.0000000E-06
12.380000  9.0000000E-06
12.390000  1.0000000E-06
12.400000  4.0000000E-06
12.410000  5.0000000E-06
12.420000  5.0000000E-06
12.430000  1.0000000E-06
12.440000  1.0000000E-06
12.450000  6.0000000E-06
12.460000      0.0000000
12.470000  3.0000000E-06
12.480000  3.0000000E-06
12.490000  4.0000000E-06
12.500000  9.0000000E-06
12.510000  6.0000000E-06
12.520000      0.0000000
12.530000  1.0000000E-06
12.540000  3.0000000E-06
12.550000  3.0000000E-06
12.560000  7.0000000E-06
12.570000  3.0000000E-06
12.580000  3.0000000E-06
12.590000  2.0000000E-06
12.600000  3.0000000E-06
12.610000  3.0000000E-06
12.620000  4.0000000E-06
12.630000  2.0000000E-06
12.640000  3.0000000E-06
12.650000  4.0000000E-06
12.660000  3.0000000E-06
12.670000  3.0000000E-06
12.680000  3.0000000E-06
12.690000  2.0000000E-06
12.700000  6.0000000E-06
12.710000  4.0000000E-06
12.720000  4.0000000E-06
12.730000  3.0000000E-06
12.740000  6.0000000E-06
12.750000  1.0000000E-06
12.760000  4.0000000E-06
12.770000  8.0000000E-06
12.780000  3.0000000E-06
12.790000  6.0000000E-06
12.800000  4.0000000E-06
12.810000  7.0000000E-06
12.820000  2.0000000E-06
12.830000  2.0000000E-06
12.840000  6.0000000E-06
12.850000  2.0000000E-06
12.860000  7.0000000E-06
12.870000  3.0000000E-06
12.880000  2.0000000E-06
12.890000  5.0000000E-06
12.900000  4.0000000E-06
12.910000  5.0000000E-06
12.920000  2.0000000E-06
12.930000  2.0000000E-06
12.940000  1.0000000E-06
12.950000  3.0000000E-06
12.960000  6.0000000E-06
12.970000  3.0000000E-06
12.980000  2.0000000E-06
12.990000  5.0000000E-06
13.000000  6.0000000E-06
13.010000  1.0000000E-06
13.020000  1.0000000E-06
13.030000  1.0000000E-06
13.040000  2.0000000E-06
13.050000  2.0000000E-06
13.060000  2.0000000E-06
13.070000  6.0000000E-06
13.080000  2.0000000E-06
13.090000  2.0000000E-06
13.100000  3.0000000E-06
13.110000  2.0000000E-06
13.120000  8.0000000E-06
13.130000  1.0000000E-06
13.140000  6.0000000E-06
13.150000  8.0000000E-06
13.160000  3.0000000E-06
13.170000  2.0000000E-06
13.180000  5.0000000E-06
13.190000  6.0000000E-06
13.200000  4.0000000E-06
13.210000  1.0000000E-06
13.220000  5.0000000E-06
13.230000  5.0000000E-06
13.240000  7.0000000E-06
13.250000  3.0000000E-06
13.260000  4.0000000E-06
13.270000  5.0000000E-06
13.280000  1.0000000E-06
13.290000  3.0000000E-06
13.300000  1.0000000E-06
13.310000  3.0000000E-06
13.320000  3.0000000E-06
13.330000  6.0000000E-06
13.340000  3.0000000E-06
13.350000  3.0000000E-06
13.360000  1.0000000E-06
13.370000  4.0000000E-06
13.380000  5.0000000E-06
13.390000  2.0000000E-06
13.400000  3.0000000E-06
13.410000  2.0000000E-06
13.420000  2.0000000E-06
13.430000  2.0000000E-06
13.440000  2.0000000E-06
13.450000  1.0000000E-06
13.460000  2.0000000E-06
13.470000      0.0000000
13.480000  1.0000000E-06
13.490000  5.0000000E-06
13.500000      0.0000000
13.510000  2.0000000E-06
13.520000  2.0000000E-06
13.530000  1.0000000E-06
13.540000  7.0000000E-06
13.550000  2.0000000E-06
13.560000  3.0000000E-06
13.570000  4.0000000E-06
13.580000  2.0000000E-06
13.590000      0.0000000
13.600000  3.0000000E-06
13.610000  4.0000000E-06
13.620000  7.0000000E-06
13.630000  2.0000000E-06
13.640000  2.0000000E-06
13.650000  4.0000000E-06
13.660000  1.0000000E-06
13.670000  1.0000000E-06
13.680000      0.0000000
13.690000  2.0000000E-06
13.700000  3.0000000E-06
13.710000  4.0000000E-06
13.720000  2.0000000E-06
13.730000  2.0000000E-06
13.740000  2.0000000E-06
13.750000  1.0000000E-06
13.760000  3.0000000E-06
13.770000  1.0000000E-06
13.780000      0.0000000
13.790000  2.0000000E-06
13.800000  4.0000000E-06
13.810000      0.0000000
13.820000  1.0000000E-06
13.830000  3.0000000E-06
13.840000  2.0000000E-06
13.850000  4.0000000E-06
13.860000  1.0000000E-06
13.870000  3.0000000E-06
13.880000  3.0000000E-06
13.890000      0.0000000
13.900000  5.0000000E-06
13.910000  2.0000000E-06
13.920000  2.0000000E-06
13.930000  2.0000000E-06
13.940000  3.0000000E-06
13.950000  1.0000000E-06
13.960000  3.0000000E-06
13.970000  2.0000000E-06
13.980000  1.0000000E-06
13.990000  4.0000000E-06
14.000000  1.0000000E-06
14.010000  4.0000000E-06
14.020000  2.0000000E-06
14.030000      0.0000000
14.040000  1.0000000E-06
14.050000  2.0000000E-06
14.060000  3.0000000E-06
14.070000  2.0000000E-06
14.080000  1.0000000E-06
14.090000      0.0000000
14.100000  1.0000000E-06
14.110000  4.0000000E-06
14.120000  1.0000000E-06
14.130000  1.0000000E-06
14.140000  1.0000000E-06
14.150000  1.0000000E-06
14.160000  1.0000000E-06
14.170000  8.0000000E-06
14.180000  3.0000000E-06
14.190000  1.0000000E-06
14.200000  3.0000000E-06
14.210000  2.0000000E-06
14.220000  6.0000000E-06
14.230000  1.0000000E-06
14.240000  4.0000000E-06
14.250000  1.0000000E-06
14.260000  2.0000000E-06
14.270000      0.0000000
14.280000  3.0000000E-06
14.290000  4.0000000E-06
14.300000  2.0000000E-06
14.310000  1.0000000E-06
14.320000  1.0000000E-06
14.330000  2.0000000E-06
14.340000  1.0000000E-06
14.350000  1.0000000E-06
14.360000      0.0000000
14.370000      0.0000000
14.380000  4.0000000E-06
14.390000  2.0000000E-06
14.400000  3.0000000E-06
14.410000  1.0000000E-06
14.420000  3.0000000E-06
14.430000  2.0000000E-06
14.440000  1.0000000E-06
14.450000  2.0000000E-06
14.460000  3.0000000E-06
14.470000  2.0000000E-06
14.480000  4.0000000E-06
14.490000      0.0000000
14.500000  1.0000000E-06
14.510000  3.0000000E-06
14.520000      0.0000000
14.530000      0.0000000
14.540000  1.0000000E-06
14.550000  3.0000000E-06
14.560000  1.0000000E-06
14.570000  3.0000000E-06
14.580000      0.0000000
14.590000  2.0000000E-06
14.600000  2.0000000E-06
14.610000  3.0000000E-06
14.620000  1.0000000E-06
14.630000  1.0000000E-06
14.640000  1.0000000E-06
14.650000      0.0000000
14.660000  1.0000000E-06
14.670000      0.0000000
14.680000  2.0000000E-06
14.690000  2.0000000E-06
14.700000  4.0000000E-06
14.710000  1.0000000E-06
14.720000  6.0000000E-06
14.730000  4.0000000E-06
14.740000      0.0000000
14.750000  1.0000000E-06
14.760000  2.0000000E-06
14.770000  3.0000000E-06
14.780000      0.0000000
14.790000  4.0000000E-06
14.800000  2.0000000E-06
14.810000  4.0000000E-06
14.820000  1.0000000E-06
14.830000  1.0000000E-06
14.840000  1.0000000E-06
14.850000  1.0000000E-06
14.860000  4.0000000E-06
14.870000  1.0000000E-06
14.880000  1.0000000E-06
14.890000  1.0000000E-06
14.900000  1.0000000E-06
14.910000  1.0000000E-06
14.920000  1.0000000E-06
14.930000  1.0000000E-06
14.940000  2.0000000E-06
14.950000  1.0000000E-06
14.960000  1.0000000E-06
14.970000  2.0000000E-06
14.980000  1.0000000E-06
14.990000      0.0000000
15.000000  1.0000000E-06
15.010000  1.0000000E-06
15.020000      0.0000000
15.030000  1.0000000E-06
15.040000  4.0000000E-06
15.050000  4.0000000E-06
15.060000  3.0000000E-06
15.070000      0.0000000
15.080000  1.0000000E-06
15.090000  2.0000000E-06
15.100000  2.0000000E-06
15.110000  2.0000000E-06
15.120000      0.0000000
15.130000  1.0000000E-06
15.140000  1.0000000E-06
15.150000  2.0000000E-06
15.160000  1.0000000E-06
15.170000      0.0000000
15.180000      0.0000000
15.190000      0.0000000
15.200000  1.0000000E-06
15.210000  1.0000000E-06
15.220000  1.0000000E-06
15.230000  4.0000000E-06
15.240000  4.0000000E-06
15.250000  1.0000000E-06
15.260000      0.0000000
15.270000  2.0000000E-06
15.280000  3.0000000E-06
15.290000      0.0000000
15.300000  1.0000000E-06
15.310000  1.0000000E-06
15.320000  3.0000000E-06
15.330000  1.0000000E-06
15.340000  1.0000000E-06
15.350000      0.0000000
15.360000      0.0000000
15.370000      0.0000000
15.380000  2.0000000E-06
15.390000  1.0000000E-06
15.400000      0.0000000
15.410000  1.0000000E-06
15.420000      0.0000000
15.430000      0.0000000
15.440000  2.0000000E-06
15.450000  1.0000000E-06
15.460000      0.0000000
15.470000  2.0000000E-06
15.480000  1.0000000E-06
15.490000  1.0000000E-06
15.500000      0.0000000
15.510000      0.0000000
15.520000      0.0000000
15.530000      0.0000000
15.540000  3.0000000E-06
15.550000  1.0000000E-06
15.560000      0.0000000
15.570000      0.0000000
15.580000  1.0000000E-06
15.590000  3.0000000E-06
15.600000  2.0000000E-06
15.610000  2.0000000E-06
15.620000  2.0000000E-06
15.630000  1.0000000E-06
15.640000      0.0000000
15.650000  2.0000000E-06
15.660000  1.0000000E-06
15.670000  2.0000000E-06
15.680000      0.0000000
15.690000  1.0000000E-06
15.700000  1.0000000E-06
15.710000  1.0000000E-06
15.720000  1.0000000E-06
15.730000  1.0000000E-06
15.740000      0.0000000
15.750000  1.0000000E-06
15.760000  2.0000000E-06
15.770000  1.0000000E-06
15.780000  1.0000000E-06
15.790000  2.0000000E-06
15.800000  3.0000000E-06
15.810000  3.0000000E-06
15.820000  1.0000000E-06
15.830000  3.0000000E-06
15.840000  4.0000000E-06
15.850000      0.0000000
15.860000  1.0000000E-06
15.870000      0.0000000
15.880000      0.0000000
15.890000      0.0000000
15.900000  1.0000000E-06
15.910000  1.0000000E-06
15.920000  1.0000000E-06
15.930000      0.0000000
15.940000  2.0000000E-06
15.950000  1.0000000E-06
15.960000      0.0000000
15.970000      0.0000000
15.980000  1.0000000E-06
15.990000  2.0000000E-06
16.000000  1.0000000E-06
16.010000  1.0000000E-06
16.020000  1.0000000E-06
16.030000      0.0000000
16.040000  1.0000000E-06
16.050000  1.0000000E-06
16.060000  2.0000000E-06
16.070000      0.0000000
16.080000  1.0000000E-06
16.090000  2.0000000E-06
16.100000      0.0000000
16.110000  1.0000000E-06
16.120000      0.0000000
16.130000  2.0000000E-06
16.140000  1.0000000E-06
16.150000      0.0000000
16.160000  1.0000000E-06
16.170000      0.0000000
16.180000      0.0000000
16.190000  1.0000000E-06
16.200000      0.0000000
16.210000  1.0000000E-06
16.220000      0.0000000
16.230000  3.0000000E-06
16.240000  1.0000000E-06
16.250000  1.0000000E-06
16.260000      0.0000000
16.270000  1.0000000E-06
16.280000  1.0000000E-06
16.290000      0.0000000
16.300000  2.0000000E-06
16.310000      0.0000000
16.320000  1.0000000E-06
16.330000  1.0000000E-06
16.340000      0.0000000
16.350000      0.0000000
16.360000      0.0000000
16.370000  1.0000000E-06
16.380000  1.0000000E-06
16.390000      0.0000000
16.400000      0.0000000
16.410000  1.0000000E-06
16.420000      0.0000000
16.430000  2.0000000E-06
16.440000      0.0000000
16.450000  1.0000000E-06
16.460000  2.0000000E-06
16.470000  2.0000000E-06
16.480000  1.0000000E-06
16.490000  1.0000000E-06
16.500000      0.0000000
16.510000  1.0000000E-06
16.520000      0.0000000
16.530000      0.0000000
16.540000  1.0000000E-06
16.550000  1.0000000E-06
16.560000  1.0000000E-06
16.570000  2.0000000E-06
16.580000  2.0000000E-06
16.590000  3.0000000E-06
16.600000      0.0000000
16.610000  1.0000000E-06
16.620000      0.0000000
16.630000      0.0000000
16.640000      0.0000000
16.650000      0.0000000
16.660000      0.0000000
16.670000      0.0000000
16.680000      0.0000000
16.690000      0.0000000
16.700000      0.0000000
16.710000  2.0000000E-06
16.720000  1.0000000E-06
16.730000      0.0000000
16.740000  1.0000000E-06
16.750000  1.0000000E-06
16.760000  1.0000000E-06
16.770000      0.0000000
16.780000  1.0000000E-06
16.790000      0.0000000
16.800000  1.0000000E-06
16.810000      0.0000000
16.820000      0.0000000
16.830000  1.0000000E-06
16.840000  2.0000000E-06
16.850000  2.0000000E-06
16.860000      0.0000000
16.870000      0.0000000
16.880000  1.0000000E-06
16.890000      0.0000000
16.900000      0.0000000
16.910000      0.0000000
16.920000      0.0000000
16.930000  4.0000000E-06
16.940000  1.0000000E-06
16.950000      0.0000000
16.960000  2.0000000E-06
16.970000  1.0000000E-06
16.980000      0.0000000
16.990000      0.0000000
17.000000      0.0000000
17.010000      0.0000000
17.020000      0.0000000
17.030000      0.0000000
17.040000      0.0000000
17.050000      0.0000000
17.060000      0.0000000
17.070000  1.0000000E-06
17.080000  1.0000000E-06
17.090000      0.0000000
17.100000  1.0000000E-06
17.110000  2.0000000E-06
17.120000      0.0000000
17.130000  2.0000000E-06
17.140000      0.0000000
17.150000      0.0000000
17.160000      0.0000000
17.170000  1.0000000E-06
17.180000  1.0000000E-06
17.190000  1.0000000E-06
17.200000  2.0000000E-06
17.210000      0.0000000
17.220000      0.0000000
17.230000      0.0000000
17.240000  3.0000000E-06
17.250000      0.0000000
17.260000  1.0000000E-06
17.270000      0.0000000
17.280000      0.0000000
17.290000      0.0000000
17.300000      0.0000000
17.310000      0.0000000
17.320000      0.0000000
17.330000      0.0000000
17.340000  2.0000000E-06
17.350000      0.0000000
17.360000  2.0000000E-06
17.370000  1.0000000E-06
17.380000  1.0000000E-06
17.390000      0.0000000
17.400000      0.0000000
17.410000      0.0000000
17.420000  2.0000000E-06
17.430000      0.0000000
17.440000      0.0000000
17.450000  1.0000000E-06
17.460000  1.0000000E-06
17.470000      0.0000000
17.480000  1.0000000E-06
17.490000  1.0000000E-06
17.500000      0.0000000
17.510000      0.0000000
17.520000      0.0000000
17.530000  1.0000000E-06
17.540000      0.0000000
17.550000      0.0000000
17.560000      0.0000000
17.570000  1.0000000E-06
17.580000      0.0000000
17.590000  1.0000000E-06
17.600000      0.0000000
17.610000      0.0000000
17.620000  1.0000000E-06
17.630000  1.0000000E-06
17.640000      0.0000000
17.650000  2.0000000E-06
17.660000  1.0000000E-06
17.670000      0.0000000
17.680000  1.0000000E-06
17.690000  2.0000000E-06
17.700000  1.0000000E-06
17.710000  1.0000000E-06
17.720000      0.0000000
17.730000      0.0000000
17.740000      0.0000000
17.750000      0.0000000
17.760000      0.0000000
17.770000      0.0000000
17.780000  1.0000000E-06
17.790000  1.0000000E-06
17.800000      0.0000000
17.810000      0.0000000
17.820000      0.0000000
17.830000      0.0000000
17.840000      0.0000000
17.850000      0.0000000
17.860000      0.0000000
17.870000  2.0000000E-06
17.880000  1.0000000E-06
17.890000  1.0000000E-06
17.900000      0.0000000
17.910000  1.0000000E-06
17.920000      0.0000000
17.930000      0.0000000
17.940000      0.0000000
17.950000      0.0000000
17.960000      0.0000000
17.970000  2.0000000E-06
17.980000      0.0000000
17.990000      0.0000000
18.000000      0.0000000
18.010000      0.0000000
18.020000  1.0000000E-06
18.030000      0.0000000
18.040000  1.0000000E-06
18.050000      0.0000000
18.060000  1.0000000E-06
18.070000      0.0000000
18.080000      0.0000000
18.090000      0.0000000
18.100000  1.0000000E-06
18.110000      0.0000000
18.120000  1.0000000E-06
18.130000      0.0000000
18.140000  2.0000000E-06
18.150000  1.0000000E-06
18.160000      0.0000000
18.170000      0.0000000
18.180000      0.0000000
18.190000      0.0000000
18.200000  1.0000000E-06
18.210000  1.0000000E-06
18.220000      0.0000000
18.230000      0.0000000
18.240000      0.0000000
18.250000  2.0000000E-06
18.260000      0.0000000
18.270000      0.0000000
18.280000      0.0000000
18.290000      0.0000000
18.300000  1.0000000E-06
18.310000      0.0000000
18.320000      0.0000000
18.330000      0.0000000
18.340000      0.0000000
18.350000      0.0000000
18.360000      0.0000000
18.370000  1.0000000E-06
18.380000      0.0000000
18.390000      0.0000000
18.400000  1.0000000E-06
18.410000      0.0000000
18.420000      0.0000000
18.430000      0.0000000
18.440000      0.0000000
18.450000  1.0000000E-06
18.460000  1.0000000E-06
18.470000      0.0000000
18.480000      0.0000000
18.490000      0.0000000
18.500000      0.0000000
18.510000      0.0000000
18.520000      0.0000000
18.530000  1.0000000E-06
18.540000      0.0000000
18.550000      0.0000000
18.560000      0.0000000
18.570000      0.0000000
18.580000      0.0000000
18.590000  1.0000000E-06
18.600000      0.0000000
18.610000      0.0000000
18.620000  2.0000000E-06
18.630000      0.0000000
18.640000      0.0000000
18.650000      0.0000000
18.660000      0.0000000
18.670000      0.0000000
18.680000  1.0000000E-06
18.690000  1.0000000E-06
18.700000      0.0000000
18.710000      0.0000000
18.720000  1.0000000E-06
18.730000      0.0000000
18.740000      0.0000000
18.750000  1.0000000E-06
18.760000      0.0000000
18.770000      0.0000000
18.780000  1.0000000E-06
18.790000  1.0000000E-06
18.800000      0.0000000
18.810000      0.0000000
18.820000      0.0000000
18.830000  1.0000000E-06
18.840000      0.0000000
18.850000      0.0000000
18.860000      0.0000000
18.870000  1.0000000E-06
18.880000  1.0000000E-06
18.890000      0.0000000
18.900000      0.0000000
18.910000      0.0000000
18.920000      0.0000000
18.930000      0.0000000
18.940000      0.0000000
18.950000      0.0000000
18.960000      0.0000000
18.970000      0.0000000
18.980000  1.0000000E-06
18.990000      0.0000000
19.000000  1.0000000E-06
19.010000  1.0000000E-06
19.020000      0.0000000
19.030000      0.0000000
19.040000      0.0000000
19.050000  1.0000000E-06
19.060000      0.0000000
19.070000      0.0000000
19.080000      0.0000000
19.090000      0.0000000
19.100000  1.0000000E-06
19.110000      0.0000000
19.120000      0.0000000
19.130000  1.0000000E-06
19.140000      0.0000000
19.150000      0.0000000
19.160000  1.0000000E-06
19.170000      0.0000000
19.180000      0.0000000
19.190000  1.0000000E-06
19.200000      0.0000000
19.210000      0.0000000
19.220000      0.0000000
19.230000      0.0000000
19.240000      0.0000000
19.250000      0.0000000
19.260000  1.0000000E-06
19.270000  1.0000000E-06
19.280000      0.0000000
19.290000      0.0000000
19.300000      0.0000000
19.310000      0.0000000
19.320000  1.0000000E-06
19.330000      0.0000000
19.340000      0.0000000
19.350000      0.0000000
19.360000      0.0000000
19.370000      0.0000000
19.380000      0.0000000
19.390000      0.0000000
19.400000      0.0000000
19.410000      0.0000000
19.420000      0.0000000
19.430000      0.0000000
19.440000      0.0000000
19.450000      0.0000000
19.460000  1.0000000E-06
19.470000      0.0000000
19.480000  1.0000000E-06
19.490000      0.0000000
19.500000      0.0000000
19.510000      0.0000000
19.520000      0.0000000
19.530000      0.0000000
19.540000      0.0000000
19.550000  1.0000000E-06
19.560000      0.0000000
19.570000      0.0000000
19.580000  1.0000000E-06
19.590000      0.0000000
19.600000      0.0000000
19.610000  1.0000000E-06
19.620000      0.0000000
19.630000      0.0000000
19.640000      0.0000000
19.650000  1.0000000E-06
19.660000      0.0000000
19.670000      0.0000000
19.680000      0.0000000
19.690000      0.0000000
19.700000      0.0000000
19.710000      0.0000000
19.720000      0.0000000
19.730000      0.0000000
19.740000      0.0000000
19.750000  1.0000000E-06
19.760000      0.0000000
19.770000      0.0000000
19.780000      0.0000000
19.790000      0.0000000
19.800000      0.0000000
19.810000      0.0000000
19.820000      0.0000000
19.830000      0.0000000
19.840000      0.0000000
19.850000      0.0000000
19.860000      0.0000000
19.870000      0.0000000
19.880000      0.0000000
19.890000      0.0000000
19.900000  1.0000000E-06
19.910000      0.0000000
19.920000      0.0000000
19.930000      0.0000000
19.940000      0.0000000
19.950000      0.0000000
19.960000      0.0000000
19.970000      0.0000000
19.980000      0.0000000
19.990000      0.0000000
