X              Y
0.0000000    0.012190000
0.010000000    0.012269000
0.020000000    0.011873000
0.030000000    0.011883000
0.040000000    0.011625000
0.050000000    0.011311000
0.060000000    0.011237000
0.070000000    0.010869000
0.080000000    0.011024000
0.090000000    0.010852000
0.10000000    0.010589000
0.11000000    0.010473000
0.12000000    0.010205000
0.13000000    0.010120000
0.14000000    0.010042000
0.15000000   0.0097800000
0.16000000   0.0097400000
0.17000000   0.0096450000
0.18000000   0.0094240000
0.19000000   0.0094680000
0.20000000   0.0090560000
0.21000000   0.0091950000
0.22000000   0.0090110000
0.23000000   0.0087210000
0.24000000   0.0087770000
0.25000000   0.0088520000
0.26000000   0.0086340000
0.27000000   0.0083810000
0.28000000   0.0082620000
0.29000000   0.0081940000
0.30000000   0.0081040000
0.31000000   0.0079410000
0.32000000   0.0078470000
0.33000000   0.0076880000
0.34000000   0.0075300000
0.35000000   0.0074920000
0.36000000   0.0074270000
0.37000000   0.0072270000
0.38000000   0.0072290000
0.39000000   0.0071410000
0.40000000   0.0070530000
0.41000000   0.0068550000
0.42000000   0.0068160000
0.43000000   0.0065460000
0.44000000   0.0066680000
0.45000000   0.0065180000
0.46000000   0.0064980000
0.47000000   0.0062190000
0.48000000   0.0062070000
0.49000000   0.0061900000
0.50000000   0.0061210000
0.51000000   0.0060270000
0.52000000   0.0057760000
0.53000000   0.0059370000
0.54000000   0.0056570000
0.55000000   0.0057800000
0.56000000   0.0055450000
0.57000000   0.0055120000
0.58000000   0.0055100000
0.59000000   0.0054190000
0.60000000   0.0053430000
0.61000000   0.0052240000
0.62000000   0.0052340000
0.63000000   0.0051380000
0.64000000   0.0050070000
0.65000000   0.0051000000
0.66000000   0.0049480000
0.67000000   0.0049400000
0.68000000   0.0046980000
0.69000000   0.0047420000
0.70000000   0.0046120000
0.71000000   0.0046890000
0.72000000   0.0046850000
0.73000000   0.0045270000
0.74000000   0.0044030000
0.75000000   0.0043270000
0.76000000   0.0043750000
0.77000000   0.0041830000
0.78000000   0.0041730000
0.79000000   0.0040260000
0.80000000   0.0041650000
0.81000000   0.0040850000
0.82000000   0.0039060000
0.83000000   0.0039650000
0.84000000   0.0038670000
0.85000000   0.0038410000
0.86000000   0.0038400000
0.87000000   0.0038200000
0.88000000   0.0036580000
0.89000000   0.0037050000
0.90000000   0.0036850000
0.91000000   0.0034920000
0.92000000   0.0035510000
0.93000000   0.0034280000
0.94000000   0.0033150000
0.95000000   0.0034300000
0.96000000   0.0033750000
0.97000000   0.0032540000
0.98000000   0.0032430000
0.99000000   0.0032070000
1.0000000   0.0031920000
1.0100000   0.0032100000
1.0200000   0.0030970000
1.0300000   0.0030270000
1.0400000   0.0030010000
1.0500000   0.0030410000
1.0600000   0.0029550000
1.0700000   0.0029160000
1.0800000   0.0028950000
1.0900000   0.0029190000
1.1000000   0.0026530000
1.1100000   0.0027880000
1.1200000   0.0027520000
1.1300000   0.0026980000
1.1400000   0.0026900000
1.1500000   0.0026050000
1.1600000   0.0026290000
1.1700000   0.0026460000
1.1800000   0.0025810000
1.1900000   0.0025490000
1.2000000   0.0024630000
1.2100000   0.0024420000
1.2200000   0.0024180000
1.2300000   0.0023920000
1.2400000   0.0022530000
1.2500000   0.0022920000
1.2600000   0.0023630000
1.2700000   0.0021870000
1.2800000   0.0022830000
1.2900000   0.0022140000
1.3000000   0.0022540000
1.3100000   0.0021560000
1.3200000   0.0021810000
1.3300000   0.0021010000
1.3400000   0.0022150000
1.3500000   0.0021420000
1.3600000   0.0020070000
1.3700000   0.0021000000
1.3800000   0.0020020000
1.3900000   0.0020760000
1.4000000   0.0020640000
1.4100000   0.0019320000
1.4200000   0.0019390000
1.4300000   0.0018690000
1.4400000   0.0018210000
1.4500000   0.0019620000
1.4600000   0.0018870000
1.4700000   0.0018570000
1.4800000   0.0017800000
1.4900000   0.0017970000
1.5000000   0.0018230000
1.5100000   0.0017950000
1.5200000   0.0016780000
1.5300000   0.0017760000
1.5400000   0.0017300000
1.5500000   0.0017160000
1.5600000   0.0017200000
1.5700000   0.0016700000
1.5800000   0.0016550000
1.5900000   0.0016750000
1.6000000   0.0016060000
1.6100000   0.0015970000
1.6200000   0.0016400000
1.6300000   0.0016210000
1.6400000   0.0015390000
1.6500000   0.0016280000
1.6600000   0.0014310000
1.6700000   0.0015670000
1.6800000   0.0014630000
1.6900000   0.0014740000
1.7000000   0.0014470000
1.7100000   0.0015100000
1.7200000   0.0014000000
1.7300000   0.0014220000
1.7400000   0.0013800000
1.7500000   0.0014900000
1.7600000   0.0013420000
1.7700000   0.0013350000
1.7800000   0.0013660000
1.7900000   0.0013560000
1.8000000   0.0013840000
1.8100000   0.0013200000
1.8200000   0.0012780000
1.8300000   0.0012810000
1.8400000   0.0013240000
1.8500000   0.0012720000
1.8600000   0.0012730000
1.8700000   0.0013120000
1.8800000   0.0012230000
1.8900000   0.0012320000
1.9000000   0.0012940000
1.9100000   0.0013030000
1.9200000   0.0012480000
1.9300000   0.0011340000
1.9400000   0.0011770000
1.9500000   0.0011490000
1.9600000   0.0011710000
1.9700000   0.0011780000
1.9800000   0.0012140000
1.9900000   0.0011330000
2.0000000   0.0011720000
2.0100000   0.0011040000
2.0200000   0.0010070000
2.0300000   0.0010660000
2.0400000   0.0010960000
2.0500000   0.0010770000
2.0600000   0.0010680000
2.0700000   0.0011170000
2.0800000   0.0010840000
2.0900000   0.0010940000
2.1000000  0.00099700000
2.1100000   0.0010000000
2.1200000  0.00096800000
2.1300000   0.0010440000
2.1400000  0.00095200000
2.1500000  0.00098100000
2.1600000   0.0010310000
2.1700000  0.00099700000
2.1800000  0.00090800000
2.1900000  0.00090100000
2.2000000  0.00091700000
2.2100000  0.00098400000
2.2200000  0.00090700000
2.2300000  0.00092600000
2.2400000  0.00091600000
2.2500000  0.00086300000
2.2600000  0.00085700000
2.2700000  0.00086500000
2.2800000  0.00089000000
2.2900000  0.00088200000
2.3000000  0.00088500000
2.3100000  0.00081000000
2.3200000  0.00084000000
2.3300000  0.00084700000
2.3400000  0.00079400000
2.3500000  0.00085000000
2.3600000  0.00083000000
2.3700000  0.00083900000
2.3800000  0.00076500000
2.3900000  0.00079300000
2.4000000  0.00079900000
2.4100000  0.00082900000
2.4200000  0.00076400000
2.4300000  0.00073400000
2.4400000  0.00073300000
2.4500000  0.00075500000
2.4600000  0.00076900000
2.4700000  0.00070700000
2.4800000  0.00079000000
2.4900000  0.00080100000
2.5000000  0.00072400000
2.5100000  0.00071700000
2.5200000  0.00068700000
2.5300000  0.00073600000
2.5400000  0.00065100000
2.5500000  0.00069300000
2.5600000  0.00074000000
2.5700000  0.00069700000
2.5800000  0.00068700000
2.5900000  0.00064800000
2.6000000  0.00068000000
2.6100000  0.00065800000
2.6200000  0.00065900000
2.6300000  0.00070400000
2.6400000  0.00067100000
2.6500000  0.00063100000
2.6600000  0.00065100000
2.6700000  0.00064800000
2.6800000  0.00062100000
2.6900000  0.00059700000
2.7000000  0.00064000000
2.7100000  0.00063600000
2.7200000  0.00060200000
2.7300000  0.00057000000
2.7400000  0.00058400000
2.7500000  0.00058200000
2.7600000  0.00060800000
2.7700000  0.00059800000
2.7800000  0.00054500000
2.7900000  0.00057000000
2.8000000  0.00057400000
2.8100000  0.00059000000
2.8200000  0.00053800000
2.8300000  0.00059000000
2.8400000  0.00059500000
2.8500000  0.00055500000
2.8600000  0.00053100000
2.8700000  0.00056300000
2.8800000  0.00051700000
2.8900000  0.00057400000
2.9000000  0.00051900000
2.9100000  0.00053600000
2.9200000  0.00052100000
2.9300000  0.00049400000
2.9400000  0.00050100000
2.9500000  0.00050100000
2.9600000  0.00051400000
2.9700000  0.00047800000
2.9800000  0.00052100000
2.9900000  0.00051000000
3.0000000  0.00049000000
3.0100000  0.00049000000
3.0200000  0.00051300000
3.0300000  0.00046900000
3.0400000  0.00048700000
3.0500000  0.00045300000
3.0600000  0.00042900000
3.0700000  0.00045300000
3.0800000  0.00047000000
3.0900000  0.00045000000
3.1000000  0.00048000000
3.1100000  0.00041900000
3.1200000  0.00044500000
3.1300000  0.00043800000
3.1400000  0.00043400000
3.1500000  0.00044100000
3.1600000  0.00042300000
3.1700000  0.00041900000
3.1800000  0.00043700000
3.1900000  0.00044300000
3.2000000  0.00040300000
3.2100000  0.00039500000
3.2200000  0.00040800000
3.2300000  0.00040400000
3.2400000  0.00040800000
3.2500000  0.00042500000
3.2600000  0.00043100000
3.2700000  0.00038700000
3.2800000  0.00038500000
3.2900000  0.00036900000
3.3000000  0.00041000000
3.3100000  0.00039600000
3.3200000  0.00036200000
3.3300000  0.00035800000
3.3400000  0.00039900000
3.3500000  0.00036500000
3.3600000  0.00033100000
3.3700000  0.00038700000
3.3800000  0.00035000000
3.3900000  0.00037200000
3.4000000  0.00037000000
3.4100000  0.00035600000
3.4200000  0.00035900000
3.4300000  0.00035900000
3.4400000  0.00032800000
3.4500000  0.00033600000
3.4600000  0.00034000000
3.4700000  0.00035500000
3.4800000  0.00030900000
3.4900000  0.00035800000
3.5000000  0.00032000000
3.5100000  0.00035100000
3.5200000  0.00031200000
3.5300000  0.00032100000
3.5400000  0.00030300000
3.5500000  0.00034100000
3.5600000  0.00031000000
3.5700000  0.00033500000
3.5800000  0.00028800000
3.5900000  0.00033400000
3.6000000  0.00031300000
3.6100000  0.00031600000
3.6200000  0.00027200000
3.6300000  0.00031400000
3.6400000  0.00028900000
3.6500000  0.00028200000
3.6600000  0.00029300000
3.6700000  0.00027500000
3.6800000  0.00029200000
3.6900000  0.00030000000
3.7000000  0.00027400000
3.7100000  0.00028000000
3.7200000  0.00026200000
3.7300000  0.00032500000
3.7400000  0.00027900000
3.7500000  0.00029900000
3.7600000  0.00026700000
3.7700000  0.00030600000
3.7800000  0.00025100000
3.7900000  0.00026600000
3.8000000  0.00025500000
3.8100000  0.00028200000
3.8200000  0.00026700000
3.8300000  0.00025000000
3.8400000  0.00023500000
3.8500000  0.00025100000
3.8600000  0.00024100000
3.8700000  0.00025400000
3.8800000  0.00023100000
3.8900000  0.00025400000
3.9000000  0.00025500000
3.9100000  0.00022300000
3.9200000  0.00023800000
3.9300000  0.00024500000
3.9400000  0.00024600000
3.9500000  0.00024500000
3.9600000  0.00022800000
3.9700000  0.00021600000
3.9800000  0.00025300000
3.9900000  0.00022900000
4.0000000  0.00021500000
4.0100000  0.00022300000
4.0200000  0.00020400000
4.0300000  0.00020600000
4.0400000  0.00023300000
4.0500000  0.00019000000
4.0600000  0.00018900000
4.0700000  0.00021100000
4.0800000  0.00020600000
4.0900000  0.00021100000
4.1000000  0.00023000000
4.1100000  0.00020400000
4.1200000  0.00023300000
4.1300000  0.00018400000
4.1400000  0.00021100000
4.1500000  0.00020700000
4.1600000  0.00017200000
4.1700000  0.00019000000
4.1800000  0.00018700000
4.1900000  0.00020300000
4.2000000  0.00020000000
4.2100000  0.00021300000
4.2200000  0.00019600000
4.2300000  0.00019000000
4.2400000  0.00017600000
4.2500000  0.00018800000
4.2600000  0.00018300000
4.2700000  0.00015300000
4.2800000  0.00018600000
4.2900000  0.00016900000
4.3000000  0.00015600000
4.3100000  0.00017200000
4.3200000  0.00020600000
4.3300000  0.00018700000
4.3400000  0.00015400000
4.3500000  0.00017500000
4.3600000  0.00015600000
4.3700000  0.00015300000
4.3800000  0.00016600000
4.3900000  0.00018000000
4.4000000  0.00015900000
4.4100000  0.00014900000
4.4200000  0.00018100000
4.4300000  0.00013500000
4.4400000  0.00014500000
4.4500000  0.00016300000
4.4600000  0.00015500000
4.4700000  0.00015900000
4.4800000  0.00017400000
4.4900000  0.00018100000
4.5000000  0.00015600000
4.5100000  0.00016700000
4.5200000  0.00016600000
4.5300000  0.00016700000
4.5400000  0.00016700000
4.5500000  0.00013500000
4.5600000  0.00016400000
4.5700000  0.00011300000
4.5800000  0.00013500000
4.5900000  0.00014000000
4.6000000  0.00014700000
4.6100000  0.00015200000
4.6200000  0.00016400000
4.6300000  0.00014800000
4.6400000  0.00014900000
4.6500000  0.00011400000
4.6600000  0.00014600000
4.6700000  0.00014000000
4.6800000  0.00013400000
4.6900000  0.00014100000
4.7000000  0.00013400000
4.7100000  0.00013900000
4.7200000  0.00013600000
4.7300000  0.00015400000
4.7400000  0.00012300000
4.7500000  0.00013200000
4.7600000  0.00013400000
4.7700000  0.00013600000
4.7800000  0.00013800000
4.7900000  0.00013800000
4.8000000  0.00012200000
4.8100000  0.00012600000
4.8200000  0.00011100000
4.8300000  9.7000000E-05
4.8400000  0.00011200000
4.8500000  0.00010900000
4.8600000  0.00012200000
4.8700000  0.00010900000
4.8800000  0.00012900000
4.8900000  0.00013000000
4.9000000  0.00012600000
4.9100000  0.00013500000
4.9200000  0.00012200000
4.9300000  0.00011300000
4.9400000  0.00011500000
4.9500000  0.00011300000
4.9600000  8.8000000E-05
4.9700000  0.00011700000
4.9800000  0.00013400000
4.9900000  0.00011800000
5.0000000  0.00010700000
5.0100000  0.00011300000
5.0200000  9.3000000E-05
5.0300000  0.00010500000
5.0400000  0.00011300000
5.0500000  0.00010200000
5.0600000  0.00011300000
5.0700000  0.00011300000
5.0800000  9.7000000E-05
5.0900000  9.8000000E-05
5.1000000  0.00010200000
5.1100000  9.9000000E-05
5.1200000  0.00010200000
5.1300000  8.5000000E-05
5.1400000  0.00010200000
5.1500000  9.4000000E-05
5.1600000  9.4000000E-05
5.1700000  0.00010400000
5.1800000  9.1000000E-05
5.1900000  8.8000000E-05
5.2000000  9.3000000E-05
5.2100000  7.6000000E-05
5.2200000  8.0000000E-05
5.2300000  0.00010900000
5.2400000  0.00011200000
5.2500000  7.8000000E-05
5.2600000  8.7000000E-05
5.2700000  9.0000000E-05
5.2800000  7.8000000E-05
5.2900000  7.7000000E-05
5.3000000  8.1000000E-05
5.3100000  8.4000000E-05
5.3200000  9.1000000E-05
5.3300000  8.1000000E-05
5.3400000  8.8000000E-05
5.3500000  8.0000000E-05
5.3600000  8.6000000E-05
5.3700000  7.6000000E-05
5.3800000  8.7000000E-05
5.3900000  7.8000000E-05
5.4000000  7.8000000E-05
5.4100000  8.1000000E-05
5.4200000  7.9000000E-05
5.4300000  8.8000000E-05
5.4400000  7.9000000E-05
5.4500000  8.2000000E-05
5.4600000  6.4000000E-05
5.4700000  7.5000000E-05
5.4800000  8.9000000E-05
5.4900000  8.6000000E-05
5.5000000  8.1000000E-05
5.5100000  7.3000000E-05
5.5200000  7.0000000E-05
5.5300000  8.7000000E-05
5.5400000  7.4000000E-05
5.5500000  6.1000000E-05
5.5600000  7.3000000E-05
5.5700000  7.3000000E-05
5.5800000  7.0000000E-05
5.5900000  6.9000000E-05
5.6000000  6.1000000E-05
5.6100000  6.9000000E-05
5.6200000  8.3000000E-05
5.6300000  5.9000000E-05
5.6400000  7.8000000E-05
5.6500000  7.1000000E-05
5.6600000  6.2000000E-05
5.6700000  5.9000000E-05
5.6800000  6.5000000E-05
5.6900000  5.6000000E-05
5.7000000  7.6000000E-05
5.7100000  6.6000000E-05
5.7200000  6.7000000E-05
5.7300000  6.2000000E-05
5.7400000  5.9000000E-05
5.7500000  6.2000000E-05
5.7600000  7.3000000E-05
5.7700000  4.9000000E-05
5.7800000  7.4000000E-05
5.7900000  6.6000000E-05
5.8000000  6.6000000E-05
5.8100000  6.4000000E-05
5.8200000  5.7000000E-05
5.8300000  5.6000000E-05
5.8400000  6.5000000E-05
5.8500000  5.6000000E-05
5.8600000  5.7000000E-05
5.8700000  5.9000000E-05
5.8800000  6.0000000E-05
5.8900000  5.5000000E-05
5.9000000  4.8000000E-05
5.9100000  6.1000000E-05
5.9200000  5.7000000E-05
5.9300000  6.0000000E-05
5.9400000  5.6000000E-05
5.9500000  5.2000000E-05
5.9600000  4.9000000E-05
5.9700000  6.1000000E-05
5.9800000  5.0000000E-05
5.9900000  6.6000000E-05
6.0000000  3.9000000E-05
6.0100000  5.6000000E-05
6.0200000  4.5000000E-05
6.0300000  4.2000000E-05
6.0400000  4.8000000E-05
6.0500000  3.9000000E-05
6.0600000  4.8000000E-05
6.0700000  4.9000000E-05
6.0800000  5.9000000E-05
6.0900000  4.4000000E-05
6.1000000  4.6000000E-05
6.1100000  3.9000000E-05
6.1200000  5.2000000E-05
6.1300000  5.3000000E-05
6.1400000  4.8000000E-05
6.1500000  5.2000000E-05
6.1600000  5.0000000E-05
6.1700000  4.2000000E-05
6.1800000  4.4000000E-05
6.1900000  5.0000000E-05
6.2000000  4.1000000E-05
6.2100000  5.4000000E-05
6.2200000  5.7000000E-05
6.2300000  3.9000000E-05
6.2400000  4.6000000E-05
6.2500000  3.9000000E-05
6.2600000  5.6000000E-05
6.2700000  4.9000000E-05
6.2800000  4.2000000E-05
6.2900000  4.6000000E-05
6.3000000  4.7000000E-05
6.3100000  4.1000000E-05
6.3200000  3.6000000E-05
6.3300000  3.4000000E-05
6.3400000  4.5000000E-05
6.3500000  5.0000000E-05
6.3600000  3.5000000E-05
6.3700000  4.1000000E-05
6.3800000  4.3000000E-05
6.3900000  3.2000000E-05
6.4000000  3.0000000E-05
6.4100000  3.6000000E-05
6.4200000  3.1000000E-05
6.4300000  3.9000000E-05
6.4400000  3.5000000E-05
6.4500000  3.7000000E-05
6.4600000  3.4000000E-05
6.4700000  3.3000000E-05
6.4800000  5.6000000E-05
6.4900000  3.5000000E-05
6.5000000  4.3000000E-05
6.5100000  4.0000000E-05
6.5200000  3.1000000E-05
6.5300000  4.6000000E-05
6.5400000  3.4000000E-05
6.5500000  3.4000000E-05
6.5600000  3.7000000E-05
6.5700000  3.5000000E-05
6.5800000  2.3000000E-05
6.5900000  2.7000000E-05
6.6000000  3.9000000E-05
6.6100000  2.4000000E-05
6.6200000  2.6000000E-05
6.6300000  3.5000000E-05
6.6400000  4.5000000E-05
6.6500000  4.3000000E-05
6.6600000  3.6000000E-05
6.6700000  3.4000000E-05
6.6800000  2.1000000E-05
6.6900000  3.1000000E-05
6.7000000  3.5000000E-05
6.7100000  3.3000000E-05
6.7200000  2.5000000E-05
6.7300000  2.4000000E-05
6.7400000  3.3000000E-05
6.7500000  4.6000000E-05
6.7600000  3.4000000E-05
6.7700000  4.0000000E-05
6.7800000  2.8000000E-05
6.7900000  4.2000000E-05
6.8000000  3.9000000E-05
6.8100000  1.9000000E-05
6.8200000  3.6000000E-05
6.8300000  1.8000000E-05
6.8400000  3.8000000E-05
6.8500000  2.5000000E-05
6.8600000  2.4000000E-05
6.8700000  2.9000000E-05
6.8800000  2.6000000E-05
6.8900000  2.4000000E-05
6.9000000  2.8000000E-05
6.9100000  2.3000000E-05
6.9200000  2.7000000E-05
6.9300000  2.7000000E-05
6.9400000  2.8000000E-05
6.9500000  3.8000000E-05
6.9600000  3.5000000E-05
6.9700000  2.1000000E-05
6.9800000  2.6000000E-05
6.9900000  2.5000000E-05
7.0000000  2.6000000E-05
7.0100000  3.2000000E-05
7.0200000  2.6000000E-05
7.0300000  2.2000000E-05
7.0400000  2.5000000E-05
7.0500000  2.2000000E-05
7.0600000  2.8000000E-05
7.0700000  2.5000000E-05
7.0800000  2.1000000E-05
7.0900000  2.0000000E-05
7.1000000  3.1000000E-05
7.1100000  2.6000000E-05
7.1200000  1.5000000E-05
7.1300000  1.8000000E-05
7.1400000  1.7000000E-05
7.1500000  2.2000000E-05
7.1600000  2.6000000E-05
7.1700000  2.1000000E-05
7.1800000  2.0000000E-05
7.1900000  2.4000000E-05
7.2000000  1.6000000E-05
7.2100000  2.3000000E-05
7.2200000  3.0000000E-05
7.2300000  1.3000000E-05
7.2400000  2.2000000E-05
7.2500000  2.8000000E-05
7.2600000  2.3000000E-05
7.2700000  2.7000000E-05
7.2800000  1.3000000E-05
7.2900000  2.6000000E-05
7.3000000  2.3000000E-05
7.3100000  2.0000000E-05
7.3200000  2.9000000E-05
7.3300000  1.8000000E-05
7.3400000  2.3000000E-05
7.3500000  2.5000000E-05
7.3600000  2.2000000E-05
7.3700000  2.6000000E-05
7.3800000  1.9000000E-05
7.3900000  1.8000000E-05
7.4000000  3.3000000E-05
7.4100000  2.4000000E-05
7.4200000  1.7000000E-05
7.4300000  1.5000000E-05
7.4400000  1.7000000E-05
7.4500000  1.8000000E-05
7.4600000  1.8000000E-05
7.4700000  1.8000000E-05
7.4800000  1.7000000E-05
7.4900000  1.6000000E-05
7.5000000  1.1000000E-05
7.5100000  1.9000000E-05
7.5200000  1.9000000E-05
7.5300000  2.4000000E-05
7.5400000  2.8000000E-05
7.5500000  2.2000000E-05
7.5600000  2.8000000E-05
7.5700000  2.7000000E-05
7.5800000  2.1000000E-05
7.5900000  9.0000000E-06
7.6000000  2.0000000E-05
7.6100000  1.1000000E-05
7.6200000  2.0000000E-05
7.6300000  2.3000000E-05
7.6400000  1.3000000E-05
7.6500000  1.6000000E-05
7.6600000  2.0000000E-05
7.6700000  1.6000000E-05
7.6800000  1.1000000E-05
7.6900000  1.4000000E-05
7.7000000  1.8000000E-05
7.7100000  2.2000000E-05
7.7200000  1.6000000E-05
7.7300000  1.2000000E-05
7.7400000  1.2000000E-05
7.7500000  1.7000000E-05
7.7600000  1.8000000E-05
7.7700000  1.6000000E-05
7.7800000  1.9000000E-05
7.7900000  1.5000000E-05
7.8000000  1.5000000E-05
7.8100000  6.0000000E-06
7.8200000  1.6000000E-05
7.8300000  1.2000000E-05
7.8400000  1.4000000E-05
7.8500000  1.1000000E-05
7.8600000  1.6000000E-05
7.8700000  1.5000000E-05
7.8800000  1.1000000E-05
7.8900000  6.0000000E-06
7.9000000  1.2000000E-05
7.9100000  1.5000000E-05
7.9200000  1.4000000E-05
7.9300000  2.0000000E-05
7.9400000  9.0000000E-06
7.9500000  1.3000000E-05
7.9600000  1.5000000E-05
7.9700000  1.5000000E-05
7.9800000  1.6000000E-05
7.9900000  1.2000000E-05
8.0000000  1.3000000E-05
8.0100000  2.1000000E-05
8.0200000  1.0000000E-05
8.0300000  1.4000000E-05
8.0400000  9.0000000E-06
8.0500000  1.3000000E-05
8.0600000  9.0000000E-06
8.0700000  9.0000000E-06
8.0800000  1.1000000E-05
8.0900000  8.0000000E-06
8.1000000  1.0000000E-05
8.1100000  1.5000000E-05
8.1200000  8.0000000E-06
8.1300000  1.7000000E-05
8.1400000  8.0000000E-06
8.1500000  1.4000000E-05
8.1600000  1.3000000E-05
8.1700000  1.2000000E-05
8.1800000  1.0000000E-05
8.1900000  9.0000000E-06
8.2000000  1.0000000E-05
8.2100000  1.3000000E-05
8.2200000  9.0000000E-06
8.2300000  1.2000000E-05
8.2400000  1.4000000E-05
8.2500000  1.1000000E-05
8.2600000  1.0000000E-05
8.2700000  6.0000000E-06
8.2800000  8.0000000E-06
8.2900000  9.0000000E-06
8.3000000  8.0000000E-06
8.3100000  1.3000000E-05
8.3200000  1.2000000E-05
8.3300000  1.3000000E-05
8.3400000  8.0000000E-06
8.3500000  6.0000000E-06
8.3600000  1.5000000E-05
8.3700000  1.4000000E-05
8.3800000  7.0000000E-06
8.3900000  7.0000000E-06
8.4000000  6.0000000E-06
8.4100000  1.1000000E-05
8.4200000  7.0000000E-06
8.4300000  1.3000000E-05
8.4400000  9.0000000E-06
8.4500000  5.0000000E-06
8.4600000  9.0000000E-06
8.4700000  1.2000000E-05
8.4800000  5.0000000E-06
8.4900000  5.0000000E-06
8.5000000  9.0000000E-06
8.5100000  2.0000000E-06
8.5200000  1.1000000E-05
8.5300000  9.0000000E-06
8.5400000  1.1000000E-05
8.5500000  1.0000000E-05
8.5600000  9.0000000E-06
8.5700000  5.0000000E-06
8.5800000  8.0000000E-06
8.5900000  9.0000000E-06
8.6000000  9.0000000E-06
8.6100000  5.0000000E-06
8.6200000  6.0000000E-06
8.6300000  5.0000000E-06
8.6400000  8.0000000E-06
8.6500000  7.0000000E-06
8.6600000  7.0000000E-06
8.6700000  1.1000000E-05
8.6800000  8.0000000E-06
8.6900000  4.0000000E-06
8.7000000  1.2000000E-05
8.7100000  5.0000000E-06
8.7200000  1.0000000E-05
8.7300000  8.0000000E-06
8.7400000  6.0000000E-06
8.7500000  5.0000000E-06
8.7600000  7.0000000E-06
8.7700000  3.0000000E-06
8.7800000  9.0000000E-06
8.7900000  6.0000000E-06
8.8000000  6.0000000E-06
8.8100000  6.0000000E-06
8.8200000  7.0000000E-06
8.8300000  8.0000000E-06
8.8400000  2.0000000E-06
8.8500000  9.0000000E-06
8.8600000  9.0000000E-06
8.8700000  9.0000000E-06
8.8800000  1.1000000E-05
8.8900000  9.0000000E-06
8.9000000  4.0000000E-06
8.9100000  6.0000000E-06
8.9200000  5.0000000E-06
8.9300000  7.0000000E-06
8.9400000  6.0000000E-06
8.9500000  5.0000000E-06
8.9600000  6.0000000E-06
8.9700000  6.0000000E-06
8.9800000  9.0000000E-06
8.9900000  3.0000000E-06
9.0000000  3.0000000E-06
9.0100000  6.0000000E-06
9.0200000  3.0000000E-06
9.0300000  9.0000000E-06
9.0400000  5.0000000E-06
9.0500000  5.0000000E-06
9.0600000  4.0000000E-06
9.0700000  9.0000000E-06
9.0800000  1.1000000E-05
9.0900000  7.0000000E-06
9.1000000  5.0000000E-06
9.1100000  3.0000000E-06
9.1200000  6.0000000E-06
9.1300000  5.0000000E-06
9.1400000  9.0000000E-06
9.1500000  8.0000000E-06
9.1600000  7.0000000E-06
9.1700000  1.0000000E-05
9.1800000  3.0000000E-06
9.1900000  4.0000000E-06
9.2000000  3.0000000E-06
9.2100000  4.0000000E-06
9.2200000  7.0000000E-06
9.2300000  1.1000000E-05
9.2400000  2.0000000E-06
9.2500000  6.0000000E-06
9.2600000  6.0000000E-06
9.2700000  7.0000000E-06
9.2800000  5.0000000E-06
9.2900000  3.0000000E-06
9.3000000  5.0000000E-06
9.3100000  2.0000000E-06
9.3200000  3.0000000E-06
9.3300000  5.0000000E-06
9.3400000  4.0000000E-06
9.3500000  4.0000000E-06
9.3600000  3.0000000E-06
9.3700000  7.0000000E-06
9.3800000  2.0000000E-06
9.3900000  5.0000000E-06
9.4000000  2.0000000E-06
9.4100000  5.0000000E-06
9.4200000  5.0000000E-06
9.4300000  6.0000000E-06
9.4400000  3.0000000E-06
9.4500000  5.0000000E-06
9.4600000  5.0000000E-06
9.4700000  1.0000000E-06
9.4800000  6.0000000E-06
9.4900000  4.0000000E-06
9.5000000  3.0000000E-06
9.5100000  4.0000000E-06
9.5200000  2.0000000E-06
9.5300000  4.0000000E-06
9.5400000  4.0000000E-06
9.5500000  4.0000000E-06
9.5600000  5.0000000E-06
9.5700000  3.0000000E-06
9.5800000  4.0000000E-06
9.5900000  1.0000000E-06
9.6000000  4.0000000E-06
9.6100000  2.0000000E-06
9.6200000  5.0000000E-06
9.6300000  3.0000000E-06
9.6400000  9.0000000E-06
9.6500000  4.0000000E-06
9.6600000  5.0000000E-06
9.6700000  3.0000000E-06
9.6800000  5.0000000E-06
9.6900000  4.0000000E-06
9.7000000  5.0000000E-06
9.7100000  3.0000000E-06
9.7200000  2.0000000E-06
9.7300000  4.0000000E-06
9.7400000  7.0000000E-06
9.7500000      0.0000000
9.7600000  6.0000000E-06
9.7700000  6.0000000E-06
9.7800000  4.0000000E-06
9.7900000  6.0000000E-06
9.8000000  1.0000000E-06
9.8100000  3.0000000E-06
9.8200000  2.0000000E-06
9.8300000  2.0000000E-06
9.8400000  1.0000000E-06
9.8500000  6.0000000E-06
9.8600000  3.0000000E-06
9.8700000  2.0000000E-06
9.8800000  3.0000000E-06
9.8900000  2.0000000E-06
9.9000000  3.0000000E-06
9.9100000  2.0000000E-06
9.9200000  7.0000000E-06
9.9300000  1.0000000E-06
9.9400000  2.0000000E-06
9.9500000  4.0000000E-06
9.9600000  2.0000000E-06
9.9700000  2.0000000E-06
9.9800000  5.0000000E-06
9.9900000  5.0000000E-06
