X              Y
0.0000000    0.013797000
0.010000000    0.013409000
0.020000000    0.012841000
0.030000000    0.012452000
0.040000000    0.012591000
0.050000000    0.012553000
0.060000000    0.012068000
0.070000000    0.012207000
0.080000000    0.011734000
0.090000000    0.011734000
0.10000000    0.011670000
0.11000000    0.011469000
0.12000000    0.011136000
0.13000000    0.011179000
0.14000000    0.010646000
0.15000000    0.011055000
0.16000000    0.010486000
0.17000000    0.010704000
0.18000000    0.010081000
0.19000000   0.0096100000
0.20000000   0.0094850000
0.21000000   0.0093440000
0.22000000   0.0099860000
0.23000000   0.0093180000
0.24000000   0.0095650000
0.25000000   0.0091700000
0.26000000   0.0086140000
0.27000000   0.0086290000
0.28000000   0.0088210000
0.29000000   0.0084360000
0.30000000   0.0085700000
0.31000000   0.0082510000
0.32000000   0.0080910000
0.33000000   0.0076520000
0.34000000   0.0077620000
0.35000000   0.0074070000
0.36000000   0.0078200000
0.37000000   0.0081680000
0.38000000   0.0075360000
0.39000000   0.0071690000
0.40000000   0.0072950000
0.41000000   0.0071410000
0.42000000   0.0071270000
0.43000000   0.0065290000
0.44000000   0.0075460000
0.45000000   0.0066010000
0.46000000   0.0063800000
0.47000000   0.0062810000
0.48000000   0.0066040000
0.49000000   0.0063680000
0.50000000   0.0063820000
0.51000000   0.0061440000
0.52000000   0.0059330000
0.53000000   0.0054470000
0.54000000   0.0058410000
0.55000000   0.0055340000
0.56000000   0.0056490000
0.57000000   0.0053810000
0.58000000   0.0052080000
0.59000000   0.0052920000
0.60000000   0.0053500000
0.61000000   0.0047930000
0.62000000   0.0056280000
0.63000000   0.0046580000
0.64000000   0.0047310000
0.65000000   0.0051230000
0.66000000   0.0047720000
0.67000000   0.0049430000
0.68000000   0.0049680000
0.69000000   0.0043220000
0.70000000   0.0046680000
0.71000000   0.0045380000
0.72000000   0.0043900000
0.73000000   0.0048350000
0.74000000   0.0044370000
0.75000000   0.0040890000
0.76000000   0.0043160000
0.77000000   0.0043680000
0.78000000   0.0037530000
0.79000000   0.0036450000
0.80000000   0.0038060000
0.81000000   0.0037430000
0.82000000   0.0036690000
0.83000000   0.0041520000
0.84000000   0.0037990000
0.85000000   0.0037110000
0.86000000   0.0039640000
0.87000000   0.0034730000
0.88000000   0.0036860000
0.89000000   0.0036500000
0.90000000   0.0037440000
0.91000000   0.0035150000
0.92000000   0.0033380000
0.93000000   0.0031870000
0.94000000   0.0030000000
0.95000000   0.0033660000
0.96000000   0.0028340000
0.97000000   0.0032570000
0.98000000   0.0029650000
0.99000000   0.0027790000
1.0000000   0.0029470000
1.0100000   0.0026630000
1.0200000   0.0029580000
1.0300000   0.0027500000
1.0400000   0.0030060000
1.0500000   0.0028440000
1.0600000   0.0027950000
1.0700000   0.0025720000
1.0800000   0.0026910000
1.0900000   0.0025280000
1.1000000   0.0028080000
1.1100000   0.0024520000
1.1200000   0.0028590000
1.1300000   0.0025830000
1.1400000   0.0025280000
1.1500000   0.0024690000
1.1600000   0.0023670000
1.1700000   0.0022010000
1.1800000   0.0024920000
1.1900000   0.0020600000
1.2000000   0.0023110000
1.2100000   0.0023320000
1.2200000   0.0019220000
1.2300000   0.0019020000
1.2400000   0.0021960000
1.2500000   0.0024530000
1.2600000   0.0020450000
1.2700000   0.0022010000
1.2800000   0.0022860000
1.2900000   0.0021280000
1.3000000   0.0017160000
1.3100000   0.0021050000
1.3200000   0.0020310000
1.3300000   0.0019780000
1.3400000   0.0020680000
1.3500000   0.0018820000
1.3600000   0.0020740000
1.3700000   0.0020350000
1.3800000   0.0018970000
1.3900000   0.0019730000
1.4000000   0.0017510000
1.4100000   0.0018450000
1.4200000   0.0017290000
1.4300000   0.0016320000
1.4400000   0.0017860000
1.4500000   0.0015360000
1.4600000   0.0015670000
1.4700000   0.0015260000
1.4800000   0.0017070000
1.4900000   0.0014610000
1.5000000   0.0015170000
1.5100000   0.0017180000
1.5200000   0.0014330000
1.5300000   0.0015990000
1.5400000   0.0015450000
1.5500000   0.0015670000
1.5600000   0.0013390000
1.5700000   0.0016290000
1.5800000   0.0012400000
1.5900000   0.0013720000
1.6000000   0.0013490000
1.6100000   0.0014660000
1.6200000   0.0013190000
1.6300000   0.0014120000
1.6400000   0.0013910000
1.6500000   0.0014880000
1.6600000   0.0015850000
1.6700000   0.0014980000
1.6800000   0.0014130000
1.6900000   0.0013440000
1.7000000   0.0011900000
1.7100000   0.0014360000
1.7200000   0.0013600000
1.7300000   0.0012540000
1.7400000   0.0012000000
1.7500000   0.0012390000
1.7600000   0.0014210000
1.7700000   0.0014240000
1.7800000   0.0011760000
1.7900000   0.0012910000
1.8000000   0.0012470000
1.8100000   0.0012510000
1.8200000   0.0012450000
1.8300000   0.0011690000
1.8400000   0.0011320000
1.8500000   0.0010240000
1.8600000   0.0010980000
1.8700000   0.0011480000
1.8800000   0.0010420000
1.8900000   0.0010250000
1.9000000  0.00091200000
1.9100000  0.00099100000
1.9200000  0.00094700000
1.9300000   0.0012640000
1.9400000   0.0011550000
1.9500000   0.0010130000
1.9600000  0.00095400000
1.9700000  0.00096700000
1.9800000  0.00096700000
1.9900000  0.00082600000
2.0000000  0.00094000000
2.0100000  0.00095600000
2.0200000  0.00084800000
2.0300000   0.0010720000
2.0400000  0.00090600000
2.0500000   0.0010630000
2.0600000   0.0010300000
2.0700000  0.00086000000
2.0800000  0.00097500000
2.0900000   0.0011390000
2.1000000   0.0011190000
2.1100000  0.00082100000
2.1200000  0.00084500000
2.1300000  0.00090000000
2.1400000   0.0010360000
2.1500000  0.00091500000
2.1600000  0.00084800000
2.1700000  0.00087400000
2.1800000   0.0010650000
2.1900000   0.0010610000
2.2000000  0.00066400000
2.2100000  0.00098200000
2.2200000  0.00092800000
2.2300000  0.00069200000
2.2400000  0.00095400000
2.2500000  0.00067200000
2.2600000  0.00089200000
2.2700000  0.00081400000
2.2800000  0.00062300000
2.2900000  0.00064900000
2.3000000  0.00067200000
2.3100000   0.0010580000
2.3200000  0.00084900000
2.3300000  0.00066500000
2.3400000  0.00072400000
2.3500000  0.00071700000
2.3600000  0.00064100000
2.3700000  0.00081500000
2.3800000  0.00070900000
2.3900000  0.00074300000
2.4000000  0.00062700000
2.4100000  0.00075800000
2.4200000  0.00061000000
2.4300000  0.00073200000
2.4400000  0.00057100000
2.4500000  0.00065600000
2.4600000  0.00069600000
2.4700000  0.00068000000
2.4800000  0.00057200000
2.4900000  0.00084300000
2.5000000  0.00049100000
2.5100000  0.00063900000
2.5200000  0.00063400000
2.5300000  0.00063200000
2.5400000  0.00052000000
2.5500000  0.00049800000
2.5600000  0.00056800000
2.5700000  0.00063500000
2.5800000  0.00048900000
2.5900000  0.00056000000
2.6000000  0.00082300000
2.6100000  0.00065500000
2.6200000  0.00067700000
2.6300000  0.00085100000
2.6400000  0.00064500000
2.6500000  0.00062400000
2.6600000  0.00061700000
2.6700000  0.00059900000
2.6800000  0.00058300000
2.6900000  0.00058800000
2.7000000  0.00058800000
2.7100000  0.00043800000
2.7200000  0.00046400000
2.7300000  0.00046800000
2.7400000  0.00043900000
2.7500000  0.00043700000
2.7600000  0.00053400000
2.7700000  0.00055700000
2.7800000  0.00063300000
2.7900000  0.00062500000
2.8000000  0.00070300000
2.8100000  0.00042700000
2.8200000  0.00047700000
2.8300000  0.00067200000
2.8400000  0.00052900000
2.8500000  0.00046900000
2.8600000  0.00043600000
2.8700000  0.00080200000
2.8800000  0.00042900000
2.8900000  0.00044800000
2.9000000  0.00036300000
2.9100000  0.00048200000
2.9200000  0.00040300000
2.9300000  0.00057100000
2.9400000  0.00045600000
2.9500000  0.00042300000
2.9600000  0.00031300000
2.9700000  0.00050400000
2.9800000  0.00037500000
2.9900000  0.00039200000
3.0000000  0.00058200000
3.0100000  0.00054100000
3.0200000  0.00048100000
3.0300000  0.00040300000
3.0400000  0.00031700000
3.0500000  0.00042000000
3.0600000  0.00031100000
3.0700000  0.00035200000
3.0800000  0.00076700000
3.0900000  0.00051000000
3.1000000  0.00039800000
3.1100000  0.00046100000
3.1200000  0.00052000000
3.1300000  0.00038300000
3.1400000  0.00042600000
3.1500000  0.00050500000
3.1600000  0.00045100000
3.1700000  0.00053000000
3.1800000  0.00046400000
3.1900000  0.00025100000
3.2000000  0.00028000000
3.2100000  0.00039300000
3.2200000  0.00037100000
3.2300000  0.00044500000
3.2400000  0.00040600000
3.2500000  0.00024800000
3.2600000  0.00038100000
3.2700000  0.00042900000
3.2800000  0.00034300000
3.2900000  0.00039400000
3.3000000  0.00034000000
3.3100000  0.00036200000
3.3200000  0.00037600000
3.3300000  0.00040500000
3.3400000  0.00029100000
3.3500000  0.00024300000
3.3600000  0.00034800000
3.3700000  0.00020300000
3.3800000  0.00026200000
3.3900000  0.00029900000
3.4000000  0.00044400000
3.4100000  0.00037800000
3.4200000  0.00044700000
3.4300000  0.00029400000
3.4400000  0.00029900000
3.4500000  0.00037700000
3.4600000  0.00025600000
3.4700000  0.00028100000
3.4800000  0.00026600000
3.4900000  0.00024900000
3.5000000  0.00024600000
3.5100000  0.00026300000
3.5200000  0.00026300000
3.5300000  0.00032600000
3.5400000  0.00037700000
3.5500000  0.00025100000
3.5600000  0.00037400000
3.5700000  0.00038500000
3.5800000  0.00025700000
3.5900000  0.00024300000
3.6000000  0.00036400000
3.6100000  0.00017500000
3.6200000  0.00031100000
3.6300000  0.00025100000
3.6400000  0.00017500000
3.6500000  0.00017700000
3.6600000  0.00017800000
3.6700000  0.00019100000
3.6800000  0.00020300000
3.6900000  0.00037000000
3.7000000  0.00017300000
3.7100000  0.00046200000
3.7200000  0.00025500000
3.7300000  0.00020300000
3.7400000  0.00023400000
3.7500000  0.00035400000
3.7600000  0.00027000000
3.7700000  0.00021100000
3.7800000  0.00029000000
3.7900000  0.00019600000
3.8000000  0.00037100000
3.8100000  0.00036300000
3.8200000  0.00025600000
3.8300000  0.00025500000
3.8400000  0.00016700000
3.8500000  0.00023600000
3.8600000  0.00033800000
3.8700000  0.00019500000
3.8800000  0.00027400000
3.8900000  0.00021000000
3.9000000  0.00015600000
3.9100000  0.00038700000
3.9200000  0.00024700000
3.9300000  0.00026900000
3.9400000  0.00028200000
3.9500000  0.00026900000
3.9600000  0.00014000000
3.9700000  0.00036400000
3.9800000  0.00023200000
3.9900000  0.00027800000
4.0000000  0.00011000000
4.0100000  0.00012400000
4.0200000  0.00029000000
4.0300000  0.00021500000
4.0400000  0.00017000000
4.0500000  0.00017100000
4.0600000  0.00018100000
4.0700000  0.00011200000
4.0800000  0.00014700000
4.0900000  0.00032600000
4.1000000  0.00010500000
4.1100000  0.00015800000
4.1200000  0.00022400000
4.1300000  0.00028200000
4.1400000  0.00016700000
4.1500000  0.00014900000
4.1600000  0.00031800000
4.1700000  0.00016900000
4.1800000  0.00020200000
4.1900000  0.00015800000
4.2000000  0.00048200000
4.2100000  0.00015600000
4.2200000  0.00016800000
4.2300000  0.00018500000
4.2400000  0.00021500000
4.2500000  0.00031500000
4.2600000  0.00034700000
4.2700000  0.00013700000
4.2800000  0.00012200000
4.2900000  8.8000000E-05
4.3000000  0.00011000000
4.3100000  0.00026900000
4.3200000  0.00017400000
4.3300000  0.00023200000
4.3400000  0.00010000000
4.3500000  0.00014500000
4.3600000  0.00014900000
4.3700000  0.00016700000
4.3800000  0.00013500000
4.3900000  0.00014400000
4.4000000  8.6000000E-05
4.4100000  3.7000000E-05
4.4200000  0.00011400000
4.4300000  9.3000000E-05
4.4400000  7.6000000E-05
4.4500000  0.00013100000
4.4600000  5.0000000E-05
4.4700000  0.00012800000
4.4800000  0.00025000000
4.4900000  0.00020400000
4.5000000  0.00027300000
4.5100000  7.4000000E-05
4.5200000  7.9000000E-05
4.5300000  0.00018400000
4.5400000  6.7000000E-05
4.5500000  0.00015100000
4.5600000  0.00014400000
4.5700000  0.00012100000
4.5800000  0.00018600000
4.5900000  0.00017900000
4.6000000  0.00021200000
4.6100000  0.00023200000
4.6200000  0.00013300000
4.6300000  7.2000000E-05
4.6400000  8.1000000E-05
4.6500000  7.6000000E-05
4.6600000  0.00019400000
4.6700000  0.00013500000
4.6800000  0.00016600000
4.6900000  0.00019200000
4.7000000  0.00025200000
4.7100000  0.00016200000
4.7200000  6.6000000E-05
4.7300000  0.00010800000
4.7400000  0.00018400000
4.7500000  5.0000000E-05
4.7600000  0.00018000000
4.7700000  6.9000000E-05
4.7800000  4.9000000E-05
4.7900000  0.00017500000
4.8000000  0.00016400000
4.8100000  0.00012100000
4.8200000  0.00012900000
4.8300000  0.00014500000
4.8400000  0.00018700000
4.8500000  0.00022100000
4.8600000  9.3000000E-05
4.8700000  5.6000000E-05
4.8800000  0.00014200000
4.8900000  4.6000000E-05
4.9000000  5.9000000E-05
4.9100000  0.00014500000
4.9200000  9.5000000E-05
4.9300000  0.00011900000
4.9400000  9.4000000E-05
4.9500000  0.00029300000
4.9600000  9.0000000E-05
4.9700000  7.5000000E-05
4.9800000  0.00012700000
4.9900000  0.00010700000
5.0000000  7.6000000E-05
5.0100000  0.00016300000
5.0200000  7.2000000E-05
5.0300000  0.00026400000
5.0400000  0.00016100000
5.0500000  8.1000000E-05
5.0600000  0.00018300000
5.0700000  6.1000000E-05
5.0800000  4.1000000E-05
5.0900000  0.00014500000
5.1000000  8.8000000E-05
5.1100000  4.8000000E-05
5.1200000  0.00019200000
5.1300000  8.8000000E-05
5.1400000  4.1000000E-05
5.1500000  5.7000000E-05
5.1600000  2.3000000E-05
5.1700000  7.9000000E-05
5.1800000  9.1000000E-05
5.1900000  0.00015000000
5.2000000  0.00012600000
5.2100000  4.6000000E-05
5.2200000  0.00028700000
5.2300000  0.00017400000
5.2400000  4.5000000E-05
5.2500000  0.00018800000
5.2600000  0.00013900000
5.2700000  3.7000000E-05
5.2800000  0.00011600000
5.2900000  0.00017900000
5.3000000  2.9000000E-05
5.3100000  5.5000000E-05
5.3200000  7.9000000E-05
5.3300000  3.1000000E-05
5.3400000  5.0000000E-05
5.3500000  7.3000000E-05
5.3600000  8.6000000E-05
5.3700000  5.1000000E-05
5.3800000  4.1000000E-05
5.3900000  6.6000000E-05
5.4000000  8.2000000E-05
5.4100000  8.4000000E-05
5.4200000  2.4000000E-05
5.4300000  4.1000000E-05
5.4400000  2.3000000E-05
5.4500000  0.00020100000
5.4600000  5.7000000E-05
5.4700000  4.0000000E-05
5.4800000  0.00018400000
5.4900000  0.00013800000
5.5000000  4.5000000E-05
5.5100000  9.1000000E-05
5.5200000  8.3000000E-05
5.5300000  0.00014800000
5.5400000  9.1000000E-05
5.5500000  8.3000000E-05
5.5600000  3.6000000E-05
5.5700000  0.00014100000
5.5800000  5.5000000E-05
5.5900000  8.0000000E-05
5.6000000  2.0000000E-05
5.6100000  2.9000000E-05
5.6200000  2.6000000E-05
5.6300000  4.9000000E-05
5.6400000  9.8000000E-05
5.6500000  3.4000000E-05
5.6600000  1.3000000E-05
5.6700000  4.1000000E-05
5.6800000  0.00013700000
5.6900000  0.00022300000
5.7000000  3.3000000E-05
5.7100000  3.3000000E-05
5.7200000  0.00013800000
5.7300000  2.5000000E-05
5.7400000  2.7000000E-05
5.7500000  1.9000000E-05
5.7600000  0.00012100000
5.7700000  2.1000000E-05
5.7800000  0.00016700000
5.7900000  1.4000000E-05
5.8000000  5.8000000E-05
5.8100000  0.00016000000
5.8200000  6.0000000E-05
5.8300000  4.1000000E-05
5.8400000  8.0000000E-05
5.8500000  1.0000000E-05
5.8600000  4.3000000E-05
5.8700000  3.2000000E-05
5.8800000  3.0000000E-05
5.8900000  0.00010400000
5.9000000  0.00013900000
5.9100000  1.9000000E-05
5.9200000  3.2000000E-05
5.9300000  1.0000000E-05
5.9400000  4.2000000E-05
5.9500000  4.0000000E-05
5.9600000  0.00010100000
5.9700000  3.3000000E-05
5.9800000  2.3000000E-05
5.9900000  4.7000000E-05
6.0000000  1.1000000E-05
6.0100000  3.3000000E-05
6.0200000  3.8000000E-05
6.0300000  5.9000000E-05
6.0400000  5.1000000E-05
6.0500000  0.00012500000
6.0600000  1.6000000E-05
6.0700000  0.00020300000
6.0800000  5.1000000E-05
6.0900000  0.00014700000
6.1000000  1.2000000E-05
6.1100000  3.4000000E-05
6.1200000  1.9000000E-05
6.1300000  2.3000000E-05
6.1400000  7.1000000E-05
6.1500000  0.00014600000
6.1600000  5.0000000E-05
6.1700000  0.00010500000
6.1800000  4.4000000E-05
6.1900000  0.00037600000
6.2000000  1.7000000E-05
6.2100000  3.6000000E-05
6.2200000  4.2000000E-05
6.2300000  1.3000000E-05
6.2400000  9.8000000E-05
6.2500000  6.0000000E-05
6.2600000  1.8000000E-05
6.2700000  2.3000000E-05
6.2800000  3.1000000E-05
6.2900000  3.3000000E-05
6.3000000  1.2000000E-05
6.3100000  1.0000000E-05
6.3200000  1.6000000E-05
6.3300000  1.4000000E-05
6.3400000  7.0000000E-06
6.3500000  5.3000000E-05
6.3600000  7.8000000E-05
6.3700000  0.00012600000
6.3800000  0.00016200000
6.3900000  9.0000000E-06
6.4000000  4.8000000E-05
6.4100000  5.0000000E-06
6.4200000  6.1000000E-05
6.4300000  0.00010500000
6.4400000  1.0000000E-05
6.4500000  8.5000000E-05
6.4600000  0.00017200000
6.4700000  7.6000000E-05
6.4800000  3.9000000E-05
6.4900000  6.0000000E-06
6.5000000  0.00017900000
6.5100000  0.00011900000
6.5200000  2.0000000E-05
6.5300000  0.00010700000
6.5400000  3.8000000E-05
6.5500000  2.1000000E-05
6.5600000  9.0000000E-06
6.5700000  8.0000000E-06
6.5800000  3.2000000E-05
6.5900000  8.8000000E-05
6.6000000  0.00014300000
6.6100000  1.0000000E-05
6.6200000  2.5000000E-05
6.6300000  0.00012100000
6.6400000  1.7000000E-05
6.6500000  2.4000000E-05
6.6600000  2.9000000E-05
6.6700000  1.9000000E-05
6.6800000  1.8000000E-05
6.6900000  0.00012300000
6.7000000  0.00027100000
6.7100000  2.2000000E-05
6.7200000  0.00018900000
6.7300000  2.2000000E-05
6.7400000  2.2000000E-05
6.7500000  8.0000000E-06
6.7600000  1.5000000E-05
6.7700000  4.2000000E-05
6.7800000  9.5000000E-05
6.7900000  6.0000000E-06
6.8000000  1.0000000E-05
6.8100000  3.1000000E-05
6.8200000  2.3000000E-05
6.8300000  7.0000000E-06
6.8400000  8.3000000E-05
6.8500000  1.0000000E-06
6.8600000  0.00015300000
6.8700000  5.2000000E-05
6.8800000  1.3000000E-05
6.8900000  1.5000000E-05
6.9000000  5.7000000E-05
6.9100000  1.1000000E-05
6.9200000  1.2000000E-05
6.9300000  5.7000000E-05
6.9400000  1.9000000E-05
6.9500000  5.0000000E-06
6.9600000  1.4000000E-05
6.9700000  0.00010100000
6.9800000  9.0000000E-06
6.9900000  0.00011600000
7.0000000  0.00011300000
7.0100000  7.9000000E-05
7.0200000  2.0000000E-06
7.0300000  2.0000000E-06
7.0400000  8.6000000E-05
7.0500000  7.8000000E-05
7.0600000  8.0000000E-06
7.0700000  7.0000000E-06
7.0800000  7.0000000E-06
7.0900000  0.00011300000
7.1000000  1.6000000E-05
7.1100000  5.8000000E-05
7.1200000  1.9000000E-05
7.1300000  0.00013600000
7.1400000  5.0000000E-06
7.1500000  8.0000000E-06
7.1600000  3.0000000E-06
7.1700000  6.0000000E-06
7.1800000  1.1000000E-05
7.1900000  7.1000000E-05
7.2000000  2.0000000E-05
7.2100000  0.00012600000
7.2200000  6.0000000E-06
7.2300000  7.0000000E-06
7.2400000  3.2000000E-05
7.2500000  9.0000000E-06
7.2600000  6.0000000E-06
7.2700000  2.0000000E-06
7.2800000  0.00010100000
7.2900000  0.00014600000
7.3000000      0.0000000
7.3100000  1.0000000E-05
7.3200000  9.0000000E-06
7.3300000  2.0000000E-06
7.3400000  7.0000000E-06
7.3500000  6.0000000E-06
7.3600000  5.0000000E-06
7.3700000  2.7000000E-05
7.3800000  3.0000000E-06
7.3900000  4.0000000E-06
7.4000000  9.0000000E-06
7.4100000  0.00018200000
7.4200000  4.0000000E-06
7.4300000  2.4000000E-05
7.4400000  7.2000000E-05
7.4500000  1.3000000E-05
7.4600000  8.0000000E-06
7.4700000  5.0000000E-06
7.4800000  1.5000000E-05
7.4900000  7.0000000E-06
7.5000000  1.9000000E-05
7.5100000  9.0000000E-06
7.5200000  2.1000000E-05
7.5300000  6.0000000E-05
7.5400000  4.2000000E-05
7.5500000  8.4000000E-05
7.5600000  1.0000000E-06
7.5700000  5.7000000E-05
7.5800000  1.4000000E-05
7.5900000  7.1000000E-05
7.6000000  5.0000000E-06
7.6100000  5.8000000E-05
7.6200000  1.4000000E-05
7.6300000  5.4000000E-05
7.6400000  1.0000000E-06
7.6500000      0.0000000
7.6600000  0.00012300000
7.6700000  1.0000000E-05
7.6800000  8.0000000E-06
7.6900000  2.2000000E-05
7.7000000  4.0000000E-06
7.7100000  6.8000000E-05
7.7200000      0.0000000
7.7300000  4.0000000E-06
7.7400000  1.3000000E-05
7.7500000  1.5000000E-05
7.7600000  2.0000000E-06
7.7700000  1.0000000E-06
7.7800000  8.0000000E-06
7.7900000  4.0000000E-06
7.8000000  8.0000000E-06
7.8100000  1.0000000E-05
7.8200000  1.9000000E-05
7.8300000  0.00037200000
7.8400000  1.7000000E-05
7.8500000  7.3000000E-05
7.8600000  2.2000000E-05
7.8700000  0.00011600000
7.8800000  2.0000000E-06
7.8900000  4.9000000E-05
7.9000000  4.0000000E-06
7.9100000  2.1000000E-05
7.9200000  4.0000000E-06
7.9300000  2.6000000E-05
7.9400000  4.0000000E-05
7.9500000  1.0000000E-06
7.9600000  8.0000000E-06
7.9700000  3.0000000E-06
7.9800000  4.0000000E-06
7.9900000  1.5000000E-05
8.0000000  1.7000000E-05
8.0100000  0.00015600000
8.0200000  2.0000000E-06
8.0300000  2.0000000E-06
8.0400000  3.0000000E-06
8.0500000  2.3000000E-05
8.0600000  9.0000000E-06
8.0700000  6.0000000E-06
8.0800000  5.0000000E-06
8.0900000  8.0000000E-06
8.1000000  2.0000000E-06
8.1100000      0.0000000
8.1200000  5.0000000E-06
8.1300000  3.5000000E-05
8.1400000  2.0000000E-06
8.1500000  3.0000000E-06
8.1600000  1.0000000E-06
8.1700000  2.0000000E-06
8.1800000  1.9000000E-05
8.1900000  6.0000000E-06
8.2000000  5.0000000E-06
8.2100000  2.0000000E-06
8.2200000      0.0000000
8.2300000  4.0000000E-06
8.2400000  1.0000000E-06
8.2500000  1.0000000E-06
8.2600000  3.0000000E-06
8.2700000  3.0000000E-06
8.2800000  6.0000000E-06
8.2900000      0.0000000
8.3000000  8.0000000E-06
8.3100000  4.0000000E-06
8.3200000  9.0000000E-06
8.3300000  5.3000000E-05
8.3400000  2.0000000E-06
8.3500000  1.5000000E-05
8.3600000  1.0000000E-06
8.3700000  2.9000000E-05
8.3800000  1.0000000E-06
8.3900000  5.0000000E-06
8.4000000  1.0000000E-06
8.4100000  1.2000000E-05
8.4200000  5.0000000E-06
8.4300000  3.7000000E-05
8.4400000  8.0000000E-06
8.4500000  1.0000000E-06
8.4600000  3.0000000E-06
8.4700000      0.0000000
8.4800000  4.3000000E-05
8.4900000  1.1000000E-05
8.5000000  3.0000000E-06
8.5100000  4.0000000E-06
8.5200000  1.6000000E-05
8.5300000  2.0000000E-06
8.5400000  5.2000000E-05
8.5500000  2.0000000E-05
8.5600000  5.7000000E-05
8.5700000      0.0000000
8.5800000      0.0000000
8.5900000  6.0000000E-06
8.6000000  1.0000000E-05
8.6100000      0.0000000
8.6200000  1.0000000E-06
8.6300000      0.0000000
8.6400000  1.9000000E-05
8.6500000      0.0000000
8.6600000  1.3000000E-05
8.6700000  2.0000000E-06
8.6800000  2.0000000E-06
8.6900000  3.0000000E-06
8.7000000  1.0000000E-06
8.7100000  6.0000000E-06
8.7200000  3.8000000E-05
8.7300000      0.0000000
8.7400000  2.0000000E-06
8.7500000  1.0000000E-06
8.7600000      0.0000000
8.7700000  3.0000000E-06
8.7800000  3.0000000E-06
8.7900000  2.0000000E-06
8.8000000  1.0000000E-06
8.8100000  2.0000000E-06
8.8200000  4.3000000E-05
8.8300000  1.0000000E-06
8.8400000  1.7000000E-05
8.8500000  0.00014600000
8.8600000  6.0000000E-06
8.8700000  2.0000000E-06
8.8800000  1.0000000E-06
8.8900000  2.0000000E-06
8.9000000  6.2000000E-05
8.9100000  1.0000000E-06
8.9200000      0.0000000
8.9300000  4.0000000E-06
8.9400000  5.4000000E-05
8.9500000      0.0000000
8.9600000  1.0000000E-06
8.9700000  3.0000000E-06
8.9800000  3.0000000E-06
8.9900000  5.4000000E-05
9.0000000  1.4000000E-05
9.0100000  8.5000000E-05
9.0200000  3.2000000E-05
9.0300000  1.0000000E-06
9.0400000  1.0000000E-06
9.0500000  3.0000000E-06
9.0600000      0.0000000
9.0700000  1.0000000E-06
9.0800000  3.8000000E-05
9.0900000  2.0000000E-06
9.1000000  1.0000000E-06
9.1100000      0.0000000
9.1200000  2.0000000E-06
9.1300000  4.0000000E-06
9.1400000  4.0000000E-06
9.1500000  1.0000000E-06
9.1600000  0.00015300000
9.1700000      0.0000000
9.1800000      0.0000000
9.1900000  7.0000000E-06
9.2000000      0.0000000
9.2100000  1.4000000E-05
9.2200000  1.0000000E-06
9.2300000  2.0000000E-06
9.2400000  1.0000000E-06
9.2500000      0.0000000
9.2600000  1.4000000E-05
9.2700000      0.0000000
9.2800000  2.0000000E-06
9.2900000  1.0000000E-06
9.3000000      0.0000000
9.3100000      0.0000000
9.3200000      0.0000000
9.3300000  2.0000000E-06
9.3400000  1.0000000E-06
9.3500000  3.0000000E-06
9.3600000  1.0000000E-06
9.3700000  2.0000000E-06
9.3800000      0.0000000
9.3900000  1.0000000E-06
9.4000000  0.00021200000
9.4100000  7.0000000E-06
9.4200000      0.0000000
9.4300000  5.0000000E-06
9.4400000  3.0000000E-06
9.4500000      0.0000000
9.4600000  2.0000000E-06
9.4700000  3.0000000E-06
9.4800000      0.0000000
9.4900000  1.0000000E-06
9.5000000      0.0000000
9.5100000      0.0000000
9.5200000  1.0000000E-06
9.5300000      0.0000000
9.5400000  1.0000000E-06
9.5500000  1.1000000E-05
9.5600000  2.0000000E-06
9.5700000      0.0000000
9.5800000  2.0000000E-06
9.5900000      0.0000000
9.6000000      0.0000000
9.6100000  1.0000000E-06
9.6200000      0.0000000
9.6300000      0.0000000
9.6400000  1.0000000E-06
9.6500000  1.0000000E-06
9.6600000  2.0000000E-06
9.6700000      0.0000000
9.6800000  4.7000000E-05
9.6900000  2.0000000E-05
9.7000000      0.0000000
9.7100000  2.9000000E-05
9.7200000      0.0000000
9.7300000      0.0000000
9.7400000      0.0000000
9.7500000  5.0000000E-06
9.7600000  8.0000000E-06
9.7700000  1.8000000E-05
9.7800000  1.0000000E-06
9.7900000  3.0000000E-06
9.8000000      0.0000000
9.8100000      0.0000000
9.8200000  1.0000000E-06
9.8300000  3.0000000E-06
9.8400000      0.0000000
9.8500000      0.0000000
9.8600000      0.0000000
9.8700000  1.0000000E-06
9.8800000  2.0000000E-06
9.8900000      0.0000000
9.9000000  7.0000000E-06
9.9100000      0.0000000
9.9200000  2.7000000E-05
9.9300000  1.0000000E-06
9.9400000  2.0000000E-06
9.9500000  1.0000000E-06
9.9600000      0.0000000
9.9700000  2.0000000E-06
9.9800000  1.0000000E-06
9.9900000  1.0000000E-06
