X              Y
0.0000000      0.0000000
0.010000000      0.0000000
0.020000000  1.0000000E-06
0.030000000  3.0000000E-06
0.040000000  6.0000000E-06
0.050000000  1.3000000E-05
0.060000000  3.5000000E-05
0.070000000  7.0000000E-05
0.080000000  0.00010800000
0.090000000  0.00014600000
0.10000000  0.00024400000
0.11000000  0.00035900000
0.12000000  0.00048100000
0.13000000  0.00057400000
0.14000000  0.00072700000
0.15000000  0.00082600000
0.16000000   0.0010110000
0.17000000   0.0012200000
0.18000000   0.0014780000
0.19000000   0.0016820000
0.20000000   0.0019090000
0.21000000   0.0020460000
0.22000000   0.0023660000
0.23000000   0.0025470000
0.24000000   0.0028710000
0.25000000   0.0030240000
0.26000000   0.0032930000
0.27000000   0.0035070000
0.28000000   0.0037370000
0.29000000   0.0041400000
0.30000000   0.0043390000
0.31000000   0.0045030000
0.32000000   0.0049020000
0.33000000   0.0050930000
0.34000000   0.0052340000
0.35000000   0.0055570000
0.36000000   0.0057400000
0.37000000   0.0059860000
0.38000000   0.0060950000
0.39000000   0.0065470000
0.40000000   0.0064890000
0.41000000   0.0066640000
0.42000000   0.0070940000
0.43000000   0.0070510000
0.44000000   0.0072260000
0.45000000   0.0073750000
0.46000000   0.0075830000
0.47000000   0.0077230000
0.48000000   0.0076610000
0.49000000   0.0079630000
0.50000000   0.0081240000
0.51000000   0.0082930000
0.52000000   0.0083120000
0.53000000   0.0083710000
0.54000000   0.0085070000
0.55000000   0.0085080000
0.56000000   0.0085600000
0.57000000   0.0088910000
0.58000000   0.0087880000
0.59000000   0.0088120000
0.60000000   0.0089750000
0.61000000   0.0088920000
0.62000000   0.0091370000
0.63000000   0.0091230000
0.64000000   0.0090770000
0.65000000   0.0091310000
0.66000000   0.0090620000
0.67000000   0.0090310000
0.68000000   0.0089540000
0.69000000   0.0090700000
0.70000000   0.0089350000
0.71000000   0.0091920000
0.72000000   0.0089370000
0.73000000   0.0088710000
0.74000000   0.0088750000
0.75000000   0.0090480000
0.76000000   0.0087840000
0.77000000   0.0088610000
0.78000000   0.0087080000
0.79000000   0.0087130000
0.80000000   0.0087250000
0.81000000   0.0086090000
0.82000000   0.0084580000
0.83000000   0.0084220000
0.84000000   0.0083290000
0.85000000   0.0082420000
0.86000000   0.0084170000
0.87000000   0.0081360000
0.88000000   0.0080030000
0.89000000   0.0081860000
0.90000000   0.0079500000
0.91000000   0.0080530000
0.92000000   0.0077560000
0.93000000   0.0075810000
0.94000000   0.0076480000
0.95000000   0.0077710000
0.96000000   0.0074970000
0.97000000   0.0075260000
0.98000000   0.0073400000
0.99000000   0.0072300000
1.0000000   0.0072270000
1.0100000   0.0069280000
1.0200000   0.0069440000
1.0300000   0.0069260000
1.0400000   0.0068620000
1.0500000   0.0068500000
1.0600000   0.0064660000
1.0700000   0.0065220000
1.0800000   0.0064530000
1.0900000   0.0062990000
1.1000000   0.0061930000
1.1100000   0.0061030000
1.1200000   0.0059760000
1.1300000   0.0060680000
1.1400000   0.0058650000
1.1500000   0.0056890000
1.1600000   0.0056190000
1.1700000   0.0055630000
1.1800000   0.0053210000
1.1900000   0.0055180000
1.2000000   0.0053660000
1.2100000   0.0052710000
1.2200000   0.0051010000
1.2300000   0.0050150000
1.2400000   0.0050600000
1.2500000   0.0047710000
1.2600000   0.0047540000
1.2700000   0.0048350000
1.2800000   0.0045450000
1.2900000   0.0046100000
1.3000000   0.0045540000
1.3100000   0.0044440000
1.3200000   0.0043800000
1.3300000   0.0042730000
1.3400000   0.0042480000
1.3500000   0.0042270000
1.3600000   0.0040530000
1.3700000   0.0039240000
1.3800000   0.0039600000
1.3900000   0.0038130000
1.4000000   0.0036790000
1.4100000   0.0037020000
1.4200000   0.0036110000
1.4300000   0.0035000000
1.4400000   0.0034780000
1.4500000   0.0035000000
1.4600000   0.0033230000
1.4700000   0.0032820000
1.4800000   0.0032230000
1.4900000   0.0030960000
1.5000000   0.0031390000
1.5100000   0.0030450000
1.5200000   0.0029380000
1.5300000   0.0028610000
1.5400000   0.0028240000
1.5500000   0.0028040000
1.5600000   0.0027030000
1.5700000   0.0026860000
1.5800000   0.0026290000
1.5900000   0.0026810000
1.6000000   0.0027500000
1.6100000   0.0024910000
1.6200000   0.0024070000
1.6300000   0.0023950000
1.6400000   0.0023800000
1.6500000   0.0023230000
1.6600000   0.0022920000
1.6700000   0.0022580000
1.6800000   0.0021930000
1.6900000   0.0020650000
1.7000000   0.0021130000
1.7100000   0.0020260000
1.7200000   0.0020120000
1.7300000   0.0019800000
1.7400000   0.0018950000
1.7500000   0.0019270000
1.7600000   0.0018540000
1.7700000   0.0018770000
1.7800000   0.0018210000
1.7900000   0.0017560000
1.8000000   0.0016850000
1.8100000   0.0017370000
1.8200000   0.0016090000
1.8300000   0.0016620000
1.8400000   0.0016710000
1.8500000   0.0015210000
1.8600000   0.0016000000
1.8700000   0.0015630000
1.8800000   0.0015230000
1.8900000   0.0014480000
1.9000000   0.0014690000
1.9100000   0.0013770000
1.9200000   0.0014140000
1.9300000   0.0013630000
1.9400000   0.0013430000
1.9500000   0.0012720000
1.9600000   0.0012980000
1.9700000   0.0012350000
1.9800000   0.0012320000
1.9900000   0.0011550000
2.0000000   0.0011310000
2.0100000   0.0010490000
2.0200000   0.0011200000
2.0300000   0.0011330000
2.0400000   0.0010960000
2.0500000   0.0010700000
2.0600000   0.0010920000
2.0700000   0.0010270000
2.0800000   0.0010660000
2.0900000  0.00096900000
2.1000000  0.00096000000
2.1100000  0.00093700000
2.1200000  0.00091300000
2.1300000  0.00091300000
2.1400000  0.00088300000
2.1500000  0.00091200000
2.1600000  0.00082600000
2.1700000  0.00082400000
2.1800000  0.00081200000
2.1900000  0.00083000000
2.2000000  0.00082900000
2.2100000  0.00080100000
2.2200000  0.00075500000
2.2300000  0.00074600000
2.2400000  0.00076100000
2.2500000  0.00069600000
2.2600000  0.00066900000
2.2700000  0.00072200000
2.2800000  0.00071500000
2.2900000  0.00066300000
2.3000000  0.00067500000
2.3100000  0.00065000000
2.3200000  0.00064500000
2.3300000  0.00058300000
2.3400000  0.00055700000
2.3500000  0.00058500000
2.3600000  0.00057500000
2.3700000  0.00061100000
2.3800000  0.00053400000
2.3900000  0.00053700000
2.4000000  0.00053400000
2.4100000  0.00050100000
2.4200000  0.00050800000
2.4300000  0.00053600000
2.4400000  0.00051700000
2.4500000  0.00046800000
2.4600000  0.00046700000
2.4700000  0.00045700000
2.4800000  0.00042400000
2.4900000  0.00043200000
2.5000000  0.00044300000
2.5100000  0.00044900000
2.5200000  0.00045500000
2.5300000  0.00044000000
2.5400000  0.00040600000
2.5500000  0.00039200000
2.5600000  0.00037600000
2.5700000  0.00039000000
2.5800000  0.00036200000
2.5900000  0.00035300000
2.6000000  0.00037200000
2.6100000  0.00036300000
2.6200000  0.00033300000
2.6300000  0.00030500000
2.6400000  0.00032200000
2.6500000  0.00031700000
2.6600000  0.00028700000
2.6700000  0.00033700000
2.6800000  0.00029900000
2.6900000  0.00029800000
2.7000000  0.00027900000
2.7100000  0.00029500000
2.7200000  0.00030500000
2.7300000  0.00027600000
2.7400000  0.00027700000
2.7500000  0.00026700000
2.7600000  0.00026500000
2.7700000  0.00025600000
2.7800000  0.00023200000
2.7900000  0.00022700000
2.8000000  0.00022400000
2.8100000  0.00023000000
2.8200000  0.00022200000
2.8300000  0.00022800000
2.8400000  0.00022800000
2.8500000  0.00021300000
2.8600000  0.00023100000
2.8700000  0.00021400000
2.8800000  0.00024100000
2.8900000  0.00019200000
2.9000000  0.00018900000
2.9100000  0.00017800000
2.9200000  0.00017500000
2.9300000  0.00019200000
2.9400000  0.00017300000
2.9500000  0.00018300000
2.9600000  0.00017300000
2.9700000  0.00014800000
2.9800000  0.00016700000
2.9900000  0.00016400000
3.0000000  0.00015500000
3.0100000  0.00014100000
3.0200000  0.00015600000
3.0300000  0.00013600000
3.0400000  0.00014100000
3.0500000  0.00016300000
3.0600000  0.00015100000
3.0700000  0.00013700000
3.0800000  0.00016000000
3.0900000  0.00013700000
3.1000000  0.00012100000
3.1100000  0.00013600000
3.1200000  0.00011000000
3.1300000  0.00011900000
3.1400000  0.00013600000
3.1500000  0.00010800000
3.1600000  0.00010200000
3.1700000  0.00012200000
3.1800000  0.00011400000
3.1900000  0.00011400000
3.2000000  9.2000000E-05
3.2100000  9.8000000E-05
3.2200000  9.9000000E-05
3.2300000  0.00010000000
3.2400000  9.7000000E-05
3.2500000  9.6000000E-05
3.2600000  7.9000000E-05
3.2700000  8.4000000E-05
3.2800000  7.5000000E-05
3.2900000  9.3000000E-05
3.3000000  9.4000000E-05
3.3100000  7.7000000E-05
3.3200000  8.6000000E-05
3.3300000  7.6000000E-05
3.3400000  8.9000000E-05
3.3500000  6.6000000E-05
3.3600000  8.3000000E-05
3.3700000  8.5000000E-05
3.3800000  7.0000000E-05
3.3900000  4.9000000E-05
3.4000000  6.1000000E-05
3.4100000  7.1000000E-05
3.4200000  6.3000000E-05
3.4300000  6.3000000E-05
3.4400000  7.9000000E-05
3.4500000  5.8000000E-05
3.4600000  7.3000000E-05
3.4700000  4.0000000E-05
3.4800000  6.3000000E-05
3.4900000  5.4000000E-05
3.5000000  5.3000000E-05
3.5100000  6.0000000E-05
3.5200000  4.6000000E-05
3.5300000  6.1000000E-05
3.5400000  3.1000000E-05
3.5500000  6.0000000E-05
3.5600000  4.9000000E-05
3.5700000  4.7000000E-05
3.5800000  4.4000000E-05
3.5900000  4.3000000E-05
3.6000000  3.9000000E-05
3.6100000  5.1000000E-05
3.6200000  4.2000000E-05
3.6300000  3.8000000E-05
3.6400000  4.5000000E-05
3.6500000  4.3000000E-05
3.6600000  2.6000000E-05
3.6700000  4.2000000E-05
3.6800000  4.1000000E-05
3.6900000  3.2000000E-05
3.7000000  4.0000000E-05
3.7100000  3.0000000E-05
3.7200000  3.1000000E-05
3.7300000  2.8000000E-05
3.7400000  2.6000000E-05
3.7500000  2.3000000E-05
3.7600000  3.4000000E-05
3.7700000  3.1000000E-05
3.7800000  2.9000000E-05
3.7900000  1.9000000E-05
3.8000000  2.6000000E-05
3.8100000  3.7000000E-05
3.8200000  2.7000000E-05
3.8300000  2.7000000E-05
3.8400000  1.4000000E-05
3.8500000  2.3000000E-05
3.8600000  2.4000000E-05
3.8700000  1.9000000E-05
3.8800000  2.4000000E-05
3.8900000  2.8000000E-05
3.9000000  2.5000000E-05
3.9100000  2.9000000E-05
3.9200000  3.6000000E-05
3.9300000  2.3000000E-05
3.9400000  1.5000000E-05
3.9500000  1.4000000E-05
3.9600000  2.2000000E-05
3.9700000  2.9000000E-05
3.9800000  1.7000000E-05
3.9900000  2.5000000E-05
4.0000000  1.3000000E-05
4.0100000  1.3000000E-05
4.0200000  1.8000000E-05
4.0300000  1.8000000E-05
4.0400000  1.6000000E-05
4.0500000  1.6000000E-05
4.0600000  1.0000000E-05
4.0700000  1.8000000E-05
4.0800000  1.4000000E-05
4.0900000  1.3000000E-05
4.1000000  1.0000000E-05
4.1100000  1.3000000E-05
4.1200000  1.7000000E-05
4.1300000  2.1000000E-05
4.1400000  9.0000000E-06
4.1500000  1.6000000E-05
4.1600000  1.5000000E-05
4.1700000  9.0000000E-06
4.1800000  1.3000000E-05
4.1900000  1.1000000E-05
4.2000000  1.0000000E-05
4.2100000  1.3000000E-05
4.2200000  1.0000000E-05
4.2300000  1.1000000E-05
4.2400000  1.1000000E-05
4.2500000  1.1000000E-05
4.2600000  9.0000000E-06
4.2700000  1.1000000E-05
4.2800000  1.1000000E-05
4.2900000  1.2000000E-05
4.3000000  9.0000000E-06
4.3100000  8.0000000E-06
4.3200000  7.0000000E-06
4.3300000  5.0000000E-06
4.3400000  6.0000000E-06
4.3500000  1.2000000E-05
4.3600000  3.0000000E-06
4.3700000  1.0000000E-05
4.3800000  1.2000000E-05
4.3900000  4.0000000E-06
4.4000000  7.0000000E-06
4.4100000  6.0000000E-06
4.4200000  4.0000000E-06
4.4300000  4.0000000E-06
4.4400000  7.0000000E-06
4.4500000  1.3000000E-05
4.4600000  1.0000000E-05
4.4700000  9.0000000E-06
4.4800000  6.0000000E-06
4.4900000  5.0000000E-06
4.5000000  4.0000000E-06
4.5100000  4.0000000E-06
4.5200000  5.0000000E-06
4.5300000  4.0000000E-06
4.5400000  5.0000000E-06
4.5500000  4.0000000E-06
4.5600000  4.0000000E-06
4.5700000  8.0000000E-06
4.5800000  3.0000000E-06
4.5900000  2.0000000E-06
4.6000000  6.0000000E-06
4.6100000  1.0000000E-06
4.6200000  2.0000000E-06
4.6300000  3.0000000E-06
4.6400000  6.0000000E-06
4.6500000  2.0000000E-06
4.6600000  2.0000000E-06
4.6700000  3.0000000E-06
4.6800000  7.0000000E-06
4.6900000  2.0000000E-06
4.7000000  2.0000000E-06
4.7100000  2.0000000E-06
4.7200000  1.0000000E-06
4.7300000  7.0000000E-06
4.7400000  2.0000000E-06
4.7500000  2.0000000E-06
4.7600000  1.0000000E-06
4.7700000      0.0000000
4.7800000  4.0000000E-06
4.7900000  4.0000000E-06
4.8000000  4.0000000E-06
4.8100000  1.0000000E-06
4.8200000  2.0000000E-06
4.8300000  3.0000000E-06
4.8400000      0.0000000
4.8500000  2.0000000E-06
4.8600000  2.0000000E-06
4.8700000  2.0000000E-06
4.8800000  3.0000000E-06
4.8900000  2.0000000E-06
4.9000000  2.0000000E-06
4.9100000  1.0000000E-06
4.9200000  1.0000000E-06
4.9300000  4.0000000E-06
4.9400000  4.0000000E-06
4.9500000  2.0000000E-06
4.9600000  1.0000000E-06
4.9700000  2.0000000E-06
4.9800000  3.0000000E-06
4.9900000  2.0000000E-06
5.0000000  2.0000000E-06
5.0100000  1.0000000E-06
5.0200000  3.0000000E-06
5.0300000  1.0000000E-06
5.0400000  1.0000000E-06
5.0500000  3.0000000E-06
5.0600000      0.0000000
5.0700000  2.0000000E-06
5.0800000  1.0000000E-06
5.0900000  2.0000000E-06
5.1000000  1.0000000E-06
5.1100000  2.0000000E-06
5.1200000      0.0000000
5.1300000  2.0000000E-06
5.1400000  2.0000000E-06
5.1500000      0.0000000
5.1600000  1.0000000E-06
5.1700000  1.0000000E-06
5.1800000      0.0000000
5.1900000  2.0000000E-06
5.2000000  1.0000000E-06
5.2100000  1.0000000E-06
5.2200000  1.0000000E-06
5.2300000      0.0000000
5.2400000  1.0000000E-06
5.2500000  1.0000000E-06
5.2600000      0.0000000
5.2700000  1.0000000E-06
5.2800000      0.0000000
5.2900000      0.0000000
5.3000000      0.0000000
5.3100000  4.0000000E-06
5.3200000      0.0000000
5.3300000  2.0000000E-06
5.3400000  1.0000000E-06
5.3500000      0.0000000
5.3600000  1.0000000E-06
5.3700000      0.0000000
5.3800000      0.0000000
5.3900000      0.0000000
5.4000000      0.0000000
5.4100000      0.0000000
5.4200000      0.0000000
5.4300000      0.0000000
5.4400000      0.0000000
5.4500000  1.0000000E-06
5.4600000  2.0000000E-06
5.4700000      0.0000000
5.4800000  1.0000000E-06
5.4900000  1.0000000E-06
5.5000000      0.0000000
5.5100000      0.0000000
5.5200000      0.0000000
5.5300000      0.0000000
5.5400000  1.0000000E-06
5.5500000      0.0000000
5.5600000      0.0000000
5.5700000      0.0000000
5.5800000  1.0000000E-06
5.5900000      0.0000000
5.6000000      0.0000000
5.6100000      0.0000000
5.6200000      0.0000000
5.6300000      0.0000000
5.6400000      0.0000000
5.6500000  1.0000000E-06
5.6600000      0.0000000
5.6700000      0.0000000
5.6800000      0.0000000
5.6900000      0.0000000
5.7000000      0.0000000
5.7100000      0.0000000
5.7200000      0.0000000
5.7300000      0.0000000
5.7400000      0.0000000
5.7500000      0.0000000
5.7600000      0.0000000
5.7700000      0.0000000
5.7800000      0.0000000
5.7900000      0.0000000
5.8000000      0.0000000
5.8100000  1.0000000E-06
5.8200000      0.0000000
5.8300000      0.0000000
5.8400000      0.0000000
5.8500000      0.0000000
5.8600000      0.0000000
5.8700000      0.0000000
5.8800000      0.0000000
5.8900000  1.0000000E-06
5.9000000      0.0000000
5.9100000      0.0000000
5.9200000      0.0000000
5.9300000      0.0000000
5.9400000      0.0000000
5.9500000      0.0000000
5.9600000      0.0000000
5.9700000      0.0000000
5.9800000  1.0000000E-06
5.9900000      0.0000000
6.0000000      0.0000000
6.0100000      0.0000000
6.0200000      0.0000000
6.0300000      0.0000000
6.0400000      0.0000000
6.0500000      0.0000000
6.0600000      0.0000000
6.0700000      0.0000000
6.0800000      0.0000000
6.0900000      0.0000000
6.1000000      0.0000000
6.1100000      0.0000000
6.1200000      0.0000000
6.1300000      0.0000000
6.1400000  1.0000000E-06
6.1500000      0.0000000
6.1600000      0.0000000
6.1700000      0.0000000
6.1800000      0.0000000
6.1900000      0.0000000
6.2000000      0.0000000
6.2100000      0.0000000
6.2200000      0.0000000
6.2300000      0.0000000
6.2400000      0.0000000
6.2500000      0.0000000
6.2600000      0.0000000
6.2700000      0.0000000
6.2800000      0.0000000
6.2900000      0.0000000
6.3000000      0.0000000
6.3100000      0.0000000
6.3200000      0.0000000
6.3300000      0.0000000
6.3400000      0.0000000
6.3500000      0.0000000
6.3600000      0.0000000
6.3700000      0.0000000
6.3800000      0.0000000
6.3900000      0.0000000
6.4000000      0.0000000
6.4100000      0.0000000
6.4200000      0.0000000
6.4300000      0.0000000
6.4400000      0.0000000
6.4500000  1.0000000E-06
6.4600000      0.0000000
6.4700000      0.0000000
6.4800000      0.0000000
6.4900000      0.0000000
6.5000000      0.0000000
6.5100000      0.0000000
6.5200000      0.0000000
6.5300000      0.0000000
6.5400000      0.0000000
6.5500000      0.0000000
6.5600000      0.0000000
6.5700000      0.0000000
6.5800000      0.0000000
6.5900000      0.0000000
6.6000000      0.0000000
6.6100000      0.0000000
6.6200000      0.0000000
6.6300000      0.0000000
6.6400000      0.0000000
6.6500000      0.0000000
6.6600000      0.0000000
6.6700000      0.0000000
6.6800000      0.0000000
6.6900000      0.0000000
6.7000000      0.0000000
6.7100000      0.0000000
6.7200000      0.0000000
6.7300000      0.0000000
6.7400000      0.0000000
6.7500000      0.0000000
6.7600000      0.0000000
6.7700000      0.0000000
6.7800000      0.0000000
6.7900000      0.0000000
6.8000000      0.0000000
6.8100000      0.0000000
6.8200000      0.0000000
6.8300000      0.0000000
6.8400000      0.0000000
6.8500000      0.0000000
6.8600000      0.0000000
6.8700000      0.0000000
6.8800000      0.0000000
6.8900000      0.0000000
6.9000000      0.0000000
6.9100000      0.0000000
6.9200000      0.0000000
6.9300000      0.0000000
6.9400000      0.0000000
6.9500000      0.0000000
6.9600000      0.0000000
6.9700000      0.0000000
6.9800000      0.0000000
6.9900000      0.0000000
7.0000000      0.0000000
7.0100000      0.0000000
7.0200000      0.0000000
7.0300000      0.0000000
7.0400000      0.0000000
7.0500000      0.0000000
7.0600000  1.0000000E-06
7.0700000      0.0000000
7.0800000      0.0000000
7.0900000      0.0000000
7.1000000      0.0000000
7.1100000      0.0000000
7.1200000      0.0000000
7.1300000      0.0000000
7.1400000      0.0000000
7.1500000      0.0000000
7.1600000      0.0000000
7.1700000      0.0000000
7.1800000      0.0000000
7.1900000      0.0000000
7.2000000      0.0000000
7.2100000      0.0000000
7.2200000      0.0000000
7.2300000      0.0000000
7.2400000      0.0000000
7.2500000      0.0000000
7.2600000      0.0000000
7.2700000      0.0000000
7.2800000      0.0000000
7.2900000      0.0000000
7.3000000      0.0000000
7.3100000      0.0000000
7.3200000      0.0000000
7.3300000      0.0000000
7.3400000      0.0000000
7.3500000      0.0000000
7.3600000      0.0000000
7.3700000      0.0000000
7.3800000      0.0000000
7.3900000      0.0000000
7.4000000      0.0000000
7.4100000      0.0000000
7.4200000      0.0000000
7.4300000      0.0000000
7.4400000      0.0000000
7.4500000      0.0000000
7.4600000      0.0000000
7.4700000      0.0000000
7.4800000      0.0000000
7.4900000      0.0000000
7.5000000      0.0000000
7.5100000      0.0000000
7.5200000      0.0000000
7.5300000      0.0000000
7.5400000      0.0000000
7.5500000      0.0000000
7.5600000      0.0000000
7.5700000      0.0000000
7.5800000      0.0000000
7.5900000      0.0000000
7.6000000      0.0000000
7.6100000      0.0000000
7.6200000      0.0000000
7.6300000      0.0000000
7.6400000      0.0000000
7.6500000      0.0000000
7.6600000      0.0000000
7.6700000      0.0000000
7.6800000      0.0000000
7.6900000      0.0000000
7.7000000      0.0000000
7.7100000      0.0000000
7.7200000      0.0000000
7.7300000      0.0000000
7.7400000      0.0000000
7.7500000      0.0000000
7.7600000      0.0000000
7.7700000      0.0000000
7.7800000      0.0000000
7.7900000      0.0000000
7.8000000      0.0000000
7.8100000      0.0000000
7.8200000      0.0000000
7.8300000      0.0000000
7.8400000      0.0000000
7.8500000      0.0000000
7.8600000      0.0000000
7.8700000      0.0000000
7.8800000      0.0000000
7.8900000      0.0000000
7.9000000      0.0000000
7.9100000      0.0000000
7.9200000      0.0000000
7.9300000      0.0000000
7.9400000      0.0000000
7.9500000      0.0000000
7.9600000      0.0000000
7.9700000      0.0000000
7.9800000      0.0000000
7.9900000      0.0000000
8.0000000      0.0000000
8.0100000      0.0000000
8.0200000      0.0000000
8.0300000      0.0000000
8.0400000      0.0000000
8.0500000      0.0000000
8.0600000      0.0000000
8.0700000      0.0000000
8.0800000      0.0000000
8.0900000      0.0000000
8.1000000      0.0000000
8.1100000      0.0000000
8.1200000      0.0000000
8.1300000      0.0000000
8.1400000      0.0000000
8.1500000      0.0000000
8.1600000      0.0000000
8.1700000      0.0000000
8.1800000      0.0000000
8.1900000      0.0000000
8.2000000      0.0000000
8.2100000      0.0000000
8.2200000      0.0000000
8.2300000      0.0000000
8.2400000      0.0000000
8.2500000      0.0000000
8.2600000      0.0000000
8.2700000      0.0000000
8.2800000      0.0000000
8.2900000      0.0000000
8.3000000      0.0000000
8.3100000      0.0000000
8.3200000      0.0000000
8.3300000      0.0000000
8.3400000      0.0000000
8.3500000      0.0000000
8.3600000      0.0000000
8.3700000      0.0000000
8.3800000      0.0000000
8.3900000      0.0000000
8.4000000      0.0000000
8.4100000      0.0000000
8.4200000      0.0000000
8.4300000      0.0000000
8.4400000      0.0000000
8.4500000      0.0000000
8.4600000      0.0000000
8.4700000      0.0000000
8.4800000      0.0000000
8.4900000      0.0000000
8.5000000      0.0000000
8.5100000      0.0000000
8.5200000      0.0000000
8.5300000      0.0000000
8.5400000      0.0000000
8.5500000      0.0000000
8.5600000      0.0000000
8.5700000      0.0000000
8.5800000      0.0000000
8.5900000      0.0000000
8.6000000      0.0000000
8.6100000      0.0000000
8.6200000      0.0000000
8.6300000      0.0000000
8.6400000      0.0000000
8.6500000      0.0000000
8.6600000      0.0000000
8.6700000      0.0000000
8.6800000      0.0000000
8.6900000      0.0000000
8.7000000      0.0000000
8.7100000      0.0000000
8.7200000      0.0000000
8.7300000      0.0000000
8.7400000      0.0000000
8.7500000      0.0000000
8.7600000      0.0000000
8.7700000      0.0000000
8.7800000      0.0000000
8.7900000      0.0000000
8.8000000      0.0000000
8.8100000      0.0000000
8.8200000      0.0000000
8.8300000      0.0000000
8.8400000      0.0000000
8.8500000      0.0000000
8.8600000      0.0000000
8.8700000      0.0000000
8.8800000      0.0000000
8.8900000      0.0000000
8.9000000      0.0000000
8.9100000      0.0000000
8.9200000      0.0000000
8.9300000      0.0000000
8.9400000      0.0000000
8.9500000      0.0000000
8.9600000      0.0000000
8.9700000      0.0000000
8.9800000      0.0000000
8.9900000      0.0000000
9.0000000      0.0000000
9.0100000      0.0000000
9.0200000      0.0000000
9.0300000      0.0000000
9.0400000      0.0000000
9.0500000      0.0000000
9.0600000      0.0000000
9.0700000      0.0000000
9.0800000      0.0000000
9.0900000      0.0000000
9.1000000      0.0000000
9.1100000      0.0000000
9.1200000      0.0000000
9.1300000      0.0000000
9.1400000      0.0000000
9.1500000      0.0000000
9.1600000      0.0000000
9.1700000      0.0000000
9.1800000      0.0000000
9.1900000      0.0000000
9.2000000      0.0000000
9.2100000      0.0000000
9.2200000      0.0000000
9.2300000      0.0000000
9.2400000      0.0000000
9.2500000      0.0000000
9.2600000      0.0000000
9.2700000      0.0000000
9.2800000      0.0000000
9.2900000      0.0000000
9.3000000      0.0000000
9.3100000      0.0000000
9.3200000      0.0000000
9.3300000      0.0000000
9.3400000      0.0000000
9.3500000      0.0000000
9.3600000      0.0000000
9.3700000      0.0000000
9.3800000      0.0000000
9.3900000      0.0000000
9.4000000      0.0000000
9.4100000      0.0000000
9.4200000      0.0000000
9.4300000      0.0000000
9.4400000      0.0000000
9.4500000      0.0000000
9.4600000      0.0000000
9.4700000      0.0000000
9.4800000      0.0000000
9.4900000      0.0000000
9.5000000      0.0000000
9.5100000      0.0000000
9.5200000      0.0000000
9.5300000      0.0000000
9.5400000      0.0000000
9.5500000      0.0000000
9.5600000      0.0000000
9.5700000      0.0000000
9.5800000      0.0000000
9.5900000      0.0000000
9.6000000      0.0000000
9.6100000      0.0000000
9.6200000      0.0000000
9.6300000      0.0000000
9.6400000      0.0000000
9.6500000      0.0000000
9.6600000      0.0000000
9.6700000      0.0000000
9.6800000      0.0000000
9.6900000      0.0000000
9.7000000      0.0000000
9.7100000      0.0000000
9.7200000      0.0000000
9.7300000      0.0000000
9.7400000      0.0000000
9.7500000      0.0000000
9.7600000      0.0000000
9.7700000      0.0000000
9.7800000      0.0000000
9.7900000      0.0000000
9.8000000      0.0000000
9.8100000      0.0000000
9.8200000      0.0000000
9.8300000      0.0000000
9.8400000      0.0000000
9.8500000      0.0000000
9.8600000      0.0000000
9.8700000      0.0000000
9.8800000      0.0000000
9.8900000      0.0000000
9.9000000      0.0000000
9.9100000      0.0000000
9.9200000      0.0000000
9.9300000      0.0000000
9.9400000      0.0000000
9.9500000      0.0000000
9.9600000      0.0000000
9.9700000      0.0000000
9.9800000      0.0000000
9.9900000      0.0000000
