X              Y
0.0000000      0.0000000
0.010000000      0.0000000
0.020000000      0.0000000
0.030000000  1.0000000E-06
0.040000000      0.0000000
0.050000000  3.2000000E-05
0.060000000  1.2000000E-05
0.070000000  2.2000000E-05
0.080000000  9.2000000E-05
0.090000000  7.3000000E-05
0.10000000  0.00023100000
0.11000000  0.00036800000
0.12000000  0.00041800000
0.13000000  0.00068700000
0.14000000  0.00066700000
0.15000000  0.00089500000
0.16000000   0.0013060000
0.17000000   0.0011740000
0.18000000  0.00097400000
0.19000000   0.0017970000
0.20000000   0.0018260000
0.21000000   0.0020870000
0.22000000   0.0025350000
0.23000000   0.0025210000
0.24000000   0.0026400000
0.25000000   0.0029670000
0.26000000   0.0032590000
0.27000000   0.0032650000
0.28000000   0.0036650000
0.29000000   0.0037200000
0.30000000   0.0043190000
0.31000000   0.0039430000
0.32000000   0.0046240000
0.33000000   0.0052520000
0.34000000   0.0051180000
0.35000000   0.0055870000
0.36000000   0.0056210000
0.37000000   0.0053200000
0.38000000   0.0062020000
0.39000000   0.0065420000
0.40000000   0.0066040000
0.41000000   0.0058770000
0.42000000   0.0069710000
0.43000000   0.0060480000
0.44000000   0.0070410000
0.45000000   0.0075040000
0.46000000   0.0078890000
0.47000000   0.0077800000
0.48000000   0.0080040000
0.49000000   0.0079830000
0.50000000   0.0075780000
0.51000000   0.0081100000
0.52000000   0.0084990000
0.53000000   0.0077270000
0.54000000   0.0083650000
0.55000000   0.0082860000
0.56000000   0.0085300000
0.57000000   0.0086010000
0.58000000   0.0090750000
0.59000000   0.0086160000
0.60000000   0.0085410000
0.61000000   0.0088780000
0.62000000   0.0094890000
0.63000000   0.0084100000
0.64000000   0.0093070000
0.65000000   0.0091160000
0.66000000   0.0088980000
0.67000000   0.0087750000
0.68000000   0.0083060000
0.69000000   0.0093360000
0.70000000   0.0088320000
0.71000000   0.0091790000
0.72000000   0.0088110000
0.73000000   0.0092160000
0.74000000   0.0083820000
0.75000000   0.0093560000
0.76000000   0.0089380000
0.77000000   0.0080490000
0.78000000   0.0088820000
0.79000000   0.0093370000
0.80000000   0.0082270000
0.81000000   0.0087420000
0.82000000   0.0077090000
0.83000000   0.0078640000
0.84000000   0.0085190000
0.85000000   0.0074950000
0.86000000   0.0079480000
0.87000000   0.0084840000
0.88000000   0.0079120000
0.89000000   0.0082240000
0.90000000   0.0075010000
0.91000000   0.0079590000
0.92000000   0.0078240000
0.93000000   0.0078010000
0.94000000   0.0074460000
0.95000000   0.0074560000
0.96000000   0.0071320000
0.97000000   0.0078400000
0.98000000   0.0072880000
0.99000000   0.0078040000
1.0000000   0.0073570000
1.0100000   0.0072640000
1.0200000   0.0078600000
1.0300000   0.0075640000
1.0400000   0.0070570000
1.0500000   0.0066730000
1.0600000   0.0065940000
1.0700000   0.0069140000
1.0800000   0.0061450000
1.0900000   0.0061690000
1.1000000   0.0061130000
1.1100000   0.0061590000
1.1200000   0.0060770000
1.1300000   0.0061100000
1.1400000   0.0055180000
1.1500000   0.0055570000
1.1600000   0.0055310000
1.1700000   0.0063760000
1.1800000   0.0062290000
1.1900000   0.0062910000
1.2000000   0.0054530000
1.2100000   0.0063860000
1.2200000   0.0054410000
1.2300000   0.0051040000
1.2400000   0.0048740000
1.2500000   0.0049650000
1.2600000   0.0048240000
1.2700000   0.0053900000
1.2800000   0.0051660000
1.2900000   0.0044510000
1.3000000   0.0047910000
1.3100000   0.0046130000
1.3200000   0.0047230000
1.3300000   0.0041950000
1.3400000   0.0043520000
1.3500000   0.0041170000
1.3600000   0.0041650000
1.3700000   0.0034580000
1.3800000   0.0040640000
1.3900000   0.0038980000
1.4000000   0.0040370000
1.4100000   0.0044190000
1.4200000   0.0036000000
1.4300000   0.0039320000
1.4400000   0.0036140000
1.4500000   0.0035680000
1.4600000   0.0034160000
1.4700000   0.0037350000
1.4800000   0.0031200000
1.4900000   0.0033070000
1.5000000   0.0033730000
1.5100000   0.0030290000
1.5200000   0.0032790000
1.5300000   0.0027160000
1.5400000   0.0030440000
1.5500000   0.0033300000
1.5600000   0.0030550000
1.5700000   0.0025790000
1.5800000   0.0027390000
1.5900000   0.0029860000
1.6000000   0.0029100000
1.6100000   0.0030300000
1.6200000   0.0023900000
1.6300000   0.0023980000
1.6400000   0.0022790000
1.6500000   0.0026060000
1.6600000   0.0025160000
1.6700000   0.0024070000
1.6800000   0.0032410000
1.6900000   0.0020360000
1.7000000   0.0021190000
1.7100000   0.0019570000
1.7200000   0.0020020000
1.7300000   0.0020720000
1.7400000   0.0021300000
1.7500000   0.0019420000
1.7600000   0.0018290000
1.7700000   0.0015200000
1.7800000   0.0019430000
1.7900000   0.0019440000
1.8000000   0.0017940000
1.8100000   0.0015350000
1.8200000   0.0015760000
1.8300000   0.0014720000
1.8400000   0.0017360000
1.8500000   0.0014590000
1.8600000   0.0017700000
1.8700000   0.0013160000
1.8800000   0.0011620000
1.8900000   0.0013680000
1.9000000   0.0019230000
1.9100000   0.0013790000
1.9200000   0.0011220000
1.9300000   0.0011610000
1.9400000   0.0014490000
1.9500000   0.0011930000
1.9600000   0.0013290000
1.9700000   0.0012210000
1.9800000   0.0013090000
1.9900000   0.0012310000
2.0000000  0.00094500000
2.0100000   0.0012240000
2.0200000   0.0014500000
2.0300000   0.0010520000
2.0400000   0.0015220000
2.0500000   0.0014230000
2.0600000  0.00092800000
2.0700000  0.00078000000
2.0800000   0.0012800000
2.0900000   0.0014200000
2.1000000   0.0012270000
2.1100000   0.0010500000
2.1200000  0.00069200000
2.1300000   0.0010330000
2.1400000  0.00088500000
2.1500000  0.00068300000
2.1600000  0.00088300000
2.1700000  0.00072700000
2.1800000   0.0010210000
2.1900000  0.00058900000
2.2000000  0.00085100000
2.2100000  0.00055900000
2.2200000  0.00066900000
2.2300000  0.00053100000
2.2400000  0.00073400000
2.2500000  0.00053100000
2.2600000  0.00086000000
2.2700000  0.00091800000
2.2800000  0.00068300000
2.2900000  0.00072100000
2.3000000  0.00092900000
2.3100000  0.00065400000
2.3200000  0.00053200000
2.3300000  0.00038800000
2.3400000  0.00042400000
2.3500000  0.00061700000
2.3600000  0.00048800000
2.3700000  0.00082900000
2.3800000  0.00023100000
2.3900000  0.00040600000
2.4000000  0.00040200000
2.4100000  0.00039000000
2.4200000  0.00045600000
2.4300000  0.00047800000
2.4400000  0.00041700000
2.4500000  0.00046600000
2.4600000  0.00064300000
2.4700000  0.00059200000
2.4800000  0.00077900000
2.4900000  0.00036900000
2.5000000  0.00046600000
2.5100000  0.00037800000
2.5200000  0.00026500000
2.5300000  0.00015200000
2.5400000  0.00031000000
2.5500000  0.00036200000
2.5600000  0.00020700000
2.5700000  0.00038800000
2.5800000  0.00041800000
2.5900000  0.00025700000
2.6000000  0.00029500000
2.6100000  0.00040500000
2.6200000  0.00039600000
2.6300000  0.00011000000
2.6400000  0.00040700000
2.6500000  0.00015000000
2.6600000  0.00020700000
2.6700000  0.00019600000
2.6800000  0.00042600000
2.6900000  0.00021300000
2.7000000  0.00018200000
2.7100000  0.00018600000
2.7200000  0.00024500000
2.7300000  0.00057200000
2.7400000  0.00014300000
2.7500000  0.00019100000
2.7600000  0.00011000000
2.7700000  0.00010100000
2.7800000  0.00018100000
2.7900000  0.00017500000
2.8000000  0.00040900000
2.8100000  0.00014000000
2.8200000  8.1000000E-05
2.8300000  0.00011200000
2.8400000  0.00017100000
2.8500000  0.00013900000
2.8600000  0.00014800000
2.8700000  0.00030400000
2.8800000  0.00011600000
2.8900000  0.00049400000
2.9000000  4.8000000E-05
2.9100000  0.00018000000
2.9200000  0.00021600000
2.9300000  0.00012000000
2.9400000  9.1000000E-05
2.9500000  2.5000000E-05
2.9600000  0.00028400000
2.9700000  0.00013000000
2.9800000  0.00036500000
2.9900000  0.00013200000
3.0000000  9.7000000E-05
3.0100000  3.4000000E-05
3.0200000  4.3000000E-05
3.0300000  4.4000000E-05
3.0400000  4.6000000E-05
3.0500000  7.7000000E-05
3.0600000  8.0000000E-05
3.0700000  0.00010300000
3.0800000  0.00012000000
3.0900000  7.7000000E-05
3.1000000  2.2000000E-05
3.1100000  9.8000000E-05
3.1200000  6.7000000E-05
3.1300000  0.00011300000
3.1400000  2.5000000E-05
3.1500000  7.2000000E-05
3.1600000  0.00014400000
3.1700000  0.00014300000
3.1800000  6.9000000E-05
3.1900000  2.0000000E-05
3.2000000  6.0000000E-05
3.2100000  2.3000000E-05
3.2200000  0.00039600000
3.2300000  2.8000000E-05
3.2400000  2.5000000E-05
3.2500000  1.6000000E-05
3.2600000  2.3000000E-05
3.2700000  3.0000000E-05
3.2800000  8.0000000E-06
3.2900000  1.7000000E-05
3.3000000  1.7000000E-05
3.3100000  0.00032400000
3.3200000  7.0000000E-05
3.3300000  5.0000000E-05
3.3400000  1.0000000E-05
3.3500000  0.00013100000
3.3600000  9.3000000E-05
3.3700000  0.00011000000
3.3800000  0.00012400000
3.3900000  9.0000000E-06
3.4000000  3.1000000E-05
3.4100000  1.0000000E-05
3.4200000  4.9000000E-05
3.4300000  9.7000000E-05
3.4400000  5.1000000E-05
3.4500000  3.4000000E-05
3.4600000  0.00021100000
3.4700000  4.6000000E-05
3.4800000  8.0000000E-06
3.4900000  5.0000000E-06
3.5000000  8.9000000E-05
3.5100000  5.9000000E-05
3.5200000  6.0000000E-06
3.5300000  9.0000000E-06
3.5400000  4.7000000E-05
3.5500000  0.00013900000
3.5600000  5.0000000E-06
3.5700000  1.4000000E-05
3.5800000  6.0000000E-06
3.5900000  6.0000000E-06
3.6000000  1.2000000E-05
3.6100000  0.00010900000
3.6200000  5.0000000E-06
3.6300000  1.0000000E-05
3.6400000  9.8000000E-05
3.6500000  2.5000000E-05
3.6600000  4.0000000E-05
3.6700000  5.8000000E-05
3.6800000  0.00012500000
3.6900000  7.0000000E-06
3.7000000      0.0000000
3.7100000  4.8000000E-05
3.7200000  4.8000000E-05
3.7300000      0.0000000
3.7400000  6.0000000E-06
3.7500000  5.0000000E-06
3.7600000  7.0000000E-06
3.7700000  3.8000000E-05
3.7800000  1.0000000E-06
3.7900000  3.0000000E-06
3.8000000  1.7000000E-05
3.8100000  3.5000000E-05
3.8200000  1.2000000E-05
3.8300000  2.0000000E-06
3.8400000  4.3000000E-05
3.8500000  6.0000000E-06
3.8600000  6.0000000E-06
3.8700000  5.0000000E-06
3.8800000  1.0000000E-06
3.8900000  5.0000000E-06
3.9000000  3.0000000E-06
3.9100000  2.0000000E-06
3.9200000  3.0000000E-06
3.9300000  2.2000000E-05
3.9400000  1.0000000E-06
3.9500000  1.0000000E-05
3.9600000  2.0000000E-06
3.9700000  3.0000000E-06
3.9800000  3.0000000E-06
3.9900000  3.0000000E-06
4.0000000  1.0000000E-05
4.0100000  1.0000000E-06
4.0200000  4.0000000E-06
4.0300000  4.2000000E-05
4.0400000  0.00013200000
4.0500000  1.0000000E-06
4.0600000  4.0000000E-06
4.0700000  3.0000000E-06
4.0800000  1.2000000E-05
4.0900000  1.0000000E-06
4.1000000      0.0000000
4.1100000  2.0000000E-06
4.1200000  1.8000000E-05
4.1300000  3.0000000E-06
4.1400000      0.0000000
4.1500000  1.2000000E-05
4.1600000  1.0000000E-06
4.1700000  2.0000000E-06
4.1800000  2.0000000E-06
4.1900000  1.0000000E-06
4.2000000  1.0000000E-06
4.2100000  3.0000000E-06
4.2200000  1.0000000E-06
4.2300000  4.0000000E-06
4.2400000  2.0000000E-06
4.2500000  1.0000000E-06
4.2600000      0.0000000
4.2700000  7.0000000E-06
4.2800000      0.0000000
4.2900000      0.0000000
4.3000000      0.0000000
4.3100000  3.0000000E-06
4.3200000      0.0000000
4.3300000      0.0000000
4.3400000      0.0000000
4.3500000  1.0000000E-06
4.3600000  3.0000000E-06
4.3700000      0.0000000
4.3800000  3.0000000E-06
4.3900000  1.0000000E-06
4.4000000      0.0000000
4.4100000      0.0000000
4.4200000      0.0000000
4.4300000  3.0000000E-06
4.4400000  1.0000000E-06
4.4500000  1.0000000E-06
4.4600000  2.0000000E-06
4.4700000  1.0000000E-06
4.4800000      0.0000000
4.4900000      0.0000000
4.5000000  1.0000000E-06
4.5100000  1.0000000E-06
4.5200000      0.0000000
4.5300000  1.0000000E-06
4.5400000  2.0000000E-06
4.5500000  2.0000000E-06
4.5600000      0.0000000
4.5700000      0.0000000
4.5800000  5.0000000E-06
4.5900000  1.0000000E-06
4.6000000  1.0000000E-06
4.6100000      0.0000000
4.6200000      0.0000000
4.6300000  3.0000000E-06
4.6400000      0.0000000
4.6500000      0.0000000
4.6600000      0.0000000
4.6700000      0.0000000
4.6800000  1.0000000E-06
4.6900000  2.0000000E-06
4.7000000      0.0000000
4.7100000      0.0000000
4.7200000  2.0000000E-06
4.7300000  1.0000000E-06
4.7400000  1.0000000E-06
4.7500000      0.0000000
4.7600000  1.0000000E-06
4.7700000      0.0000000
4.7800000      0.0000000
4.7900000      0.0000000
4.8000000      0.0000000
4.8100000      0.0000000
4.8200000      0.0000000
4.8300000  2.0000000E-06
4.8400000      0.0000000
4.8500000      0.0000000
4.8600000      0.0000000
4.8700000      0.0000000
4.8800000      0.0000000
4.8900000      0.0000000
4.9000000      0.0000000
4.9100000  1.0000000E-06
4.9200000      0.0000000
4.9300000      0.0000000
4.9400000      0.0000000
4.9500000  1.0000000E-06
4.9600000  1.0000000E-06
4.9700000      0.0000000
4.9800000      0.0000000
4.9900000      0.0000000
5.0000000      0.0000000
5.0100000      0.0000000
5.0200000      0.0000000
5.0300000      0.0000000
5.0400000      0.0000000
5.0500000  1.0000000E-06
5.0600000      0.0000000
5.0700000      0.0000000
5.0800000  1.0000000E-06
5.0900000      0.0000000
5.1000000  1.0000000E-06
5.1100000      0.0000000
5.1200000      0.0000000
5.1300000      0.0000000
5.1400000  1.0000000E-06
5.1500000      0.0000000
5.1600000      0.0000000
5.1700000      0.0000000
5.1800000      0.0000000
5.1900000  1.0000000E-06
5.2000000      0.0000000
5.2100000      0.0000000
5.2200000      0.0000000
5.2300000      0.0000000
5.2400000      0.0000000
5.2500000      0.0000000
5.2600000      0.0000000
5.2700000      0.0000000
5.2800000      0.0000000
5.2900000      0.0000000
5.3000000      0.0000000
5.3100000      0.0000000
5.3200000      0.0000000
5.3300000      0.0000000
5.3400000      0.0000000
5.3500000      0.0000000
5.3600000      0.0000000
5.3700000      0.0000000
5.3800000  1.0000000E-06
5.3900000      0.0000000
5.4000000      0.0000000
5.4100000      0.0000000
5.4200000  1.0000000E-06
5.4300000      0.0000000
5.4400000      0.0000000
5.4500000      0.0000000
5.4600000      0.0000000
5.4700000      0.0000000
5.4800000      0.0000000
5.4900000      0.0000000
5.5000000      0.0000000
5.5100000      0.0000000
5.5200000      0.0000000
5.5300000      0.0000000
5.5400000      0.0000000
5.5500000      0.0000000
5.5600000      0.0000000
5.5700000      0.0000000
5.5800000      0.0000000
5.5900000      0.0000000
5.6000000      0.0000000
5.6100000      0.0000000
5.6200000      0.0000000
5.6300000      0.0000000
5.6400000      0.0000000
5.6500000      0.0000000
5.6600000      0.0000000
5.6700000      0.0000000
5.6800000      0.0000000
5.6900000      0.0000000
5.7000000      0.0000000
5.7100000      0.0000000
5.7200000      0.0000000
5.7300000      0.0000000
5.7400000      0.0000000
5.7500000      0.0000000
5.7600000      0.0000000
5.7700000      0.0000000
5.7800000      0.0000000
5.7900000      0.0000000
5.8000000      0.0000000
5.8100000      0.0000000
5.8200000      0.0000000
5.8300000      0.0000000
5.8400000      0.0000000
5.8500000      0.0000000
5.8600000      0.0000000
5.8700000      0.0000000
5.8800000      0.0000000
5.8900000      0.0000000
5.9000000      0.0000000
5.9100000      0.0000000
5.9200000      0.0000000
5.9300000      0.0000000
5.9400000      0.0000000
5.9500000      0.0000000
5.9600000      0.0000000
5.9700000      0.0000000
5.9800000      0.0000000
5.9900000      0.0000000
6.0000000      0.0000000
6.0100000      0.0000000
6.0200000      0.0000000
6.0300000      0.0000000
6.0400000      0.0000000
6.0500000      0.0000000
6.0600000      0.0000000
6.0700000      0.0000000
6.0800000      0.0000000
6.0900000      0.0000000
6.1000000      0.0000000
6.1100000      0.0000000
6.1200000      0.0000000
6.1300000      0.0000000
6.1400000      0.0000000
6.1500000      0.0000000
6.1600000      0.0000000
6.1700000      0.0000000
6.1800000      0.0000000
6.1900000      0.0000000
6.2000000      0.0000000
6.2100000      0.0000000
6.2200000      0.0000000
6.2300000      0.0000000
6.2400000      0.0000000
6.2500000      0.0000000
6.2600000      0.0000000
6.2700000      0.0000000
6.2800000      0.0000000
6.2900000      0.0000000
6.3000000      0.0000000
6.3100000      0.0000000
6.3200000      0.0000000
6.3300000      0.0000000
6.3400000      0.0000000
6.3500000      0.0000000
6.3600000      0.0000000
6.3700000      0.0000000
6.3800000      0.0000000
6.3900000      0.0000000
6.4000000      0.0000000
6.4100000      0.0000000
6.4200000      0.0000000
6.4300000      0.0000000
6.4400000      0.0000000
6.4500000      0.0000000
6.4600000      0.0000000
6.4700000      0.0000000
6.4800000      0.0000000
6.4900000      0.0000000
6.5000000      0.0000000
6.5100000      0.0000000
6.5200000      0.0000000
6.5300000      0.0000000
6.5400000      0.0000000
6.5500000      0.0000000
6.5600000      0.0000000
6.5700000      0.0000000
6.5800000      0.0000000
6.5900000      0.0000000
6.6000000      0.0000000
6.6100000      0.0000000
6.6200000      0.0000000
6.6300000      0.0000000
6.6400000      0.0000000
6.6500000      0.0000000
6.6600000      0.0000000
6.6700000      0.0000000
6.6800000      0.0000000
6.6900000      0.0000000
6.7000000      0.0000000
6.7100000      0.0000000
6.7200000      0.0000000
6.7300000      0.0000000
6.7400000      0.0000000
6.7500000      0.0000000
6.7600000      0.0000000
6.7700000      0.0000000
6.7800000      0.0000000
6.7900000      0.0000000
6.8000000      0.0000000
6.8100000      0.0000000
6.8200000      0.0000000
6.8300000      0.0000000
6.8400000      0.0000000
6.8500000      0.0000000
6.8600000      0.0000000
6.8700000      0.0000000
6.8800000      0.0000000
6.8900000      0.0000000
6.9000000      0.0000000
6.9100000      0.0000000
6.9200000      0.0000000
6.9300000      0.0000000
6.9400000      0.0000000
6.9500000      0.0000000
6.9600000      0.0000000
6.9700000      0.0000000
6.9800000      0.0000000
6.9900000      0.0000000
7.0000000      0.0000000
7.0100000      0.0000000
7.0200000      0.0000000
7.0300000      0.0000000
7.0400000      0.0000000
7.0500000      0.0000000
7.0600000      0.0000000
7.0700000      0.0000000
7.0800000      0.0000000
7.0900000      0.0000000
7.1000000      0.0000000
7.1100000      0.0000000
7.1200000      0.0000000
7.1300000      0.0000000
7.1400000      0.0000000
7.1500000      0.0000000
7.1600000      0.0000000
7.1700000      0.0000000
7.1800000      0.0000000
7.1900000      0.0000000
7.2000000      0.0000000
7.2100000      0.0000000
7.2200000      0.0000000
7.2300000      0.0000000
7.2400000      0.0000000
7.2500000      0.0000000
7.2600000      0.0000000
7.2700000      0.0000000
7.2800000      0.0000000
7.2900000      0.0000000
7.3000000      0.0000000
7.3100000      0.0000000
7.3200000      0.0000000
7.3300000      0.0000000
7.3400000      0.0000000
7.3500000      0.0000000
7.3600000      0.0000000
7.3700000      0.0000000
7.3800000      0.0000000
7.3900000      0.0000000
7.4000000      0.0000000
7.4100000      0.0000000
7.4200000      0.0000000
7.4300000      0.0000000
7.4400000      0.0000000
7.4500000      0.0000000
7.4600000      0.0000000
7.4700000      0.0000000
7.4800000      0.0000000
7.4900000      0.0000000
7.5000000      0.0000000
7.5100000      0.0000000
7.5200000      0.0000000
7.5300000      0.0000000
7.5400000      0.0000000
7.5500000      0.0000000
7.5600000      0.0000000
7.5700000      0.0000000
7.5800000      0.0000000
7.5900000      0.0000000
7.6000000      0.0000000
7.6100000      0.0000000
7.6200000      0.0000000
7.6300000      0.0000000
7.6400000      0.0000000
7.6500000      0.0000000
7.6600000      0.0000000
7.6700000      0.0000000
7.6800000      0.0000000
7.6900000      0.0000000
7.7000000      0.0000000
7.7100000      0.0000000
7.7200000      0.0000000
7.7300000      0.0000000
7.7400000      0.0000000
7.7500000      0.0000000
7.7600000      0.0000000
7.7700000      0.0000000
7.7800000      0.0000000
7.7900000      0.0000000
7.8000000      0.0000000
7.8100000      0.0000000
7.8200000      0.0000000
7.8300000      0.0000000
7.8400000      0.0000000
7.8500000      0.0000000
7.8600000      0.0000000
7.8700000      0.0000000
7.8800000      0.0000000
7.8900000      0.0000000
7.9000000      0.0000000
7.9100000      0.0000000
7.9200000      0.0000000
7.9300000      0.0000000
7.9400000      0.0000000
7.9500000      0.0000000
7.9600000      0.0000000
7.9700000      0.0000000
7.9800000      0.0000000
7.9900000      0.0000000
8.0000000      0.0000000
8.0100000      0.0000000
8.0200000      0.0000000
8.0300000      0.0000000
8.0400000      0.0000000
8.0500000      0.0000000
8.0600000      0.0000000
8.0700000      0.0000000
8.0800000      0.0000000
8.0900000      0.0000000
8.1000000      0.0000000
8.1100000      0.0000000
8.1200000      0.0000000
8.1300000      0.0000000
8.1400000      0.0000000
8.1500000      0.0000000
8.1600000      0.0000000
8.1700000      0.0000000
8.1800000      0.0000000
8.1900000      0.0000000
8.2000000      0.0000000
8.2100000      0.0000000
8.2200000      0.0000000
8.2300000      0.0000000
8.2400000      0.0000000
8.2500000      0.0000000
8.2600000      0.0000000
8.2700000      0.0000000
8.2800000      0.0000000
8.2900000      0.0000000
8.3000000      0.0000000
8.3100000      0.0000000
8.3200000      0.0000000
8.3300000      0.0000000
8.3400000      0.0000000
8.3500000      0.0000000
8.3600000      0.0000000
8.3700000      0.0000000
8.3800000      0.0000000
8.3900000      0.0000000
8.4000000      0.0000000
8.4100000      0.0000000
8.4200000      0.0000000
8.4300000      0.0000000
8.4400000      0.0000000
8.4500000      0.0000000
8.4600000      0.0000000
8.4700000      0.0000000
8.4800000      0.0000000
8.4900000      0.0000000
8.5000000      0.0000000
8.5100000      0.0000000
8.5200000      0.0000000
8.5300000      0.0000000
8.5400000      0.0000000
8.5500000      0.0000000
8.5600000      0.0000000
8.5700000      0.0000000
8.5800000      0.0000000
8.5900000      0.0000000
8.6000000      0.0000000
8.6100000      0.0000000
8.6200000      0.0000000
8.6300000      0.0000000
8.6400000      0.0000000
8.6500000      0.0000000
8.6600000      0.0000000
8.6700000      0.0000000
8.6800000      0.0000000
8.6900000      0.0000000
8.7000000      0.0000000
8.7100000      0.0000000
8.7200000      0.0000000
8.7300000      0.0000000
8.7400000      0.0000000
8.7500000      0.0000000
8.7600000      0.0000000
8.7700000      0.0000000
8.7800000      0.0000000
8.7900000      0.0000000
8.8000000      0.0000000
8.8100000      0.0000000
8.8200000      0.0000000
8.8300000      0.0000000
8.8400000      0.0000000
8.8500000      0.0000000
8.8600000      0.0000000
8.8700000      0.0000000
8.8800000      0.0000000
8.8900000      0.0000000
8.9000000      0.0000000
8.9100000      0.0000000
8.9200000      0.0000000
8.9300000      0.0000000
8.9400000      0.0000000
8.9500000      0.0000000
8.9600000      0.0000000
8.9700000      0.0000000
8.9800000      0.0000000
8.9900000      0.0000000
9.0000000      0.0000000
9.0100000      0.0000000
9.0200000      0.0000000
9.0300000      0.0000000
9.0400000      0.0000000
9.0500000      0.0000000
9.0600000      0.0000000
9.0700000      0.0000000
9.0800000      0.0000000
9.0900000      0.0000000
9.1000000      0.0000000
9.1100000      0.0000000
9.1200000      0.0000000
9.1300000      0.0000000
9.1400000      0.0000000
9.1500000      0.0000000
9.1600000      0.0000000
9.1700000      0.0000000
9.1800000      0.0000000
9.1900000      0.0000000
9.2000000      0.0000000
9.2100000      0.0000000
9.2200000      0.0000000
9.2300000      0.0000000
9.2400000      0.0000000
9.2500000      0.0000000
9.2600000      0.0000000
9.2700000      0.0000000
9.2800000      0.0000000
9.2900000      0.0000000
9.3000000      0.0000000
9.3100000      0.0000000
9.3200000      0.0000000
9.3300000      0.0000000
9.3400000      0.0000000
9.3500000      0.0000000
9.3600000      0.0000000
9.3700000      0.0000000
9.3800000      0.0000000
9.3900000      0.0000000
9.4000000      0.0000000
9.4100000      0.0000000
9.4200000      0.0000000
9.4300000      0.0000000
9.4400000      0.0000000
9.4500000      0.0000000
9.4600000      0.0000000
9.4700000      0.0000000
9.4800000      0.0000000
9.4900000      0.0000000
9.5000000      0.0000000
9.5100000      0.0000000
9.5200000      0.0000000
9.5300000      0.0000000
9.5400000      0.0000000
9.5500000      0.0000000
9.5600000      0.0000000
9.5700000      0.0000000
9.5800000      0.0000000
9.5900000      0.0000000
9.6000000      0.0000000
9.6100000      0.0000000
9.6200000      0.0000000
9.6300000      0.0000000
9.6400000      0.0000000
9.6500000      0.0000000
9.6600000      0.0000000
9.6700000      0.0000000
9.6800000      0.0000000
9.6900000      0.0000000
9.7000000      0.0000000
9.7100000      0.0000000
9.7200000      0.0000000
9.7300000      0.0000000
9.7400000      0.0000000
9.7500000      0.0000000
9.7600000      0.0000000
9.7700000      0.0000000
9.7800000      0.0000000
9.7900000      0.0000000
9.8000000      0.0000000
9.8100000      0.0000000
9.8200000      0.0000000
9.8300000      0.0000000
9.8400000      0.0000000
9.8500000      0.0000000
9.8600000      0.0000000
9.8700000      0.0000000
9.8800000      0.0000000
9.8900000      0.0000000
9.9000000      0.0000000
9.9100000      0.0000000
9.9200000      0.0000000
9.9300000      0.0000000
9.9400000      0.0000000
9.9500000      0.0000000
9.9600000      0.0000000
9.9700000      0.0000000
9.9800000      0.0000000
9.9900000      0.0000000
