X              Y
0.0000000    0.019612000
0.010000000    0.019102000
0.020000000    0.018776000
0.030000000    0.018338000
0.040000000    0.017595000
0.050000000    0.017439000
0.060000000    0.017061000
0.070000000    0.016456000
0.080000000    0.015977000
0.090000000    0.015559000
0.10000000    0.015088000
0.11000000    0.014980000
0.12000000    0.014804000
0.13000000    0.014065000
0.14000000    0.013676000
0.15000000    0.013582000
0.16000000    0.013034000
0.17000000    0.013027000
0.18000000    0.012483000
0.19000000    0.012537000
0.20000000    0.012024000
0.21000000    0.011737000
0.22000000    0.011605000
0.23000000    0.011269000
0.24000000    0.010981000
0.25000000    0.010480000
0.26000000    0.010441000
0.27000000    0.010167000
0.28000000    0.010062000
0.29000000   0.0095770000
0.30000000   0.0095480000
0.31000000   0.0093170000
0.32000000   0.0089850000
0.33000000   0.0086820000
0.34000000   0.0085250000
0.35000000   0.0083410000
0.36000000   0.0082660000
0.37000000   0.0078220000
0.38000000   0.0078920000
0.39000000   0.0077620000
0.40000000   0.0074090000
0.41000000   0.0071090000
0.42000000   0.0070110000
0.43000000   0.0070510000
0.44000000   0.0067300000
0.45000000   0.0067730000
0.46000000   0.0065230000
0.47000000   0.0063760000
0.48000000   0.0061750000
0.49000000   0.0061440000
0.50000000   0.0058460000
0.51000000   0.0058510000
0.52000000   0.0056050000
0.53000000   0.0054140000
0.54000000   0.0053290000
0.55000000   0.0051300000
0.56000000   0.0050830000
0.57000000   0.0048920000
0.58000000   0.0050590000
0.59000000   0.0048610000
0.60000000   0.0047350000
0.61000000   0.0046800000
0.62000000   0.0045580000
0.63000000   0.0043930000
0.64000000   0.0043040000
0.65000000   0.0041190000
0.66000000   0.0041050000
0.67000000   0.0039700000
0.68000000   0.0039220000
0.69000000   0.0038690000
0.70000000   0.0037120000
0.71000000   0.0036640000
0.72000000   0.0036010000
0.73000000   0.0034300000
0.74000000   0.0033530000
0.75000000   0.0033290000
0.76000000   0.0032240000
0.77000000   0.0031390000
0.78000000   0.0030350000
0.79000000   0.0029480000
0.80000000   0.0029470000
0.81000000   0.0028490000
0.82000000   0.0028820000
0.83000000   0.0027850000
0.84000000   0.0026840000
0.85000000   0.0027030000
0.86000000   0.0026580000
0.87000000   0.0025150000
0.88000000   0.0025960000
0.89000000   0.0023860000
0.90000000   0.0024550000
0.91000000   0.0023310000
0.92000000   0.0022670000
0.93000000   0.0022420000
0.94000000   0.0021800000
0.95000000   0.0020970000
0.96000000   0.0021030000
0.97000000   0.0020880000
0.98000000   0.0020500000
0.99000000   0.0019280000
1.0000000   0.0019290000
1.0100000   0.0018960000
1.0200000   0.0018190000
1.0300000   0.0017920000
1.0400000   0.0018220000
1.0500000   0.0017680000
1.0600000   0.0017560000
1.0700000   0.0015880000
1.0800000   0.0016190000
1.0900000   0.0016040000
1.1000000   0.0015490000
1.1100000   0.0014460000
1.1200000   0.0015010000
1.1300000   0.0015190000
1.1400000   0.0014440000
1.1500000   0.0014870000
1.1600000   0.0013740000
1.1700000   0.0013650000
1.1800000   0.0014030000
1.1900000   0.0013730000
1.2000000   0.0012870000
1.2100000   0.0013950000
1.2200000   0.0013490000
1.2300000   0.0012740000
1.2400000   0.0012640000
1.2500000   0.0012620000
1.2600000   0.0011380000
1.2700000   0.0011870000
1.2800000   0.0012150000
1.2900000   0.0011710000
1.3000000   0.0011680000
1.3100000   0.0011300000
1.3200000   0.0011680000
1.3300000   0.0011500000
1.3400000   0.0011380000
1.3500000   0.0010710000
1.3600000   0.0011110000
1.3700000   0.0010970000
1.3800000   0.0010810000
1.3900000   0.0010540000
1.4000000   0.0010690000
1.4100000   0.0011110000
1.4200000   0.0010080000
1.4300000   0.0010640000
1.4400000   0.0010640000
1.4500000  0.00097000000
1.4600000  0.00097400000
1.4700000   0.0010130000
1.4800000   0.0010230000
1.4900000  0.00098100000
1.5000000  0.00092100000
1.5100000  0.00095500000
1.5200000  0.00088500000
1.5300000  0.00090200000
1.5400000  0.00088700000
1.5500000  0.00093100000
1.5600000  0.00087000000
1.5700000  0.00088300000
1.5800000  0.00090600000
1.5900000  0.00088200000
1.6000000  0.00088100000
1.6100000  0.00092600000
1.6200000  0.00090100000
1.6300000  0.00084400000
1.6400000  0.00083200000
1.6500000  0.00077000000
1.6600000  0.00077700000
1.6700000  0.00078500000
1.6800000  0.00080200000
1.6900000  0.00080900000
1.7000000  0.00082200000
1.7100000  0.00079900000
1.7200000  0.00080700000
1.7300000  0.00082900000
1.7400000  0.00071700000
1.7500000  0.00079600000
1.7600000  0.00073300000
1.7700000  0.00078900000
1.7800000  0.00077300000
1.7900000  0.00072000000
1.8000000  0.00070100000
1.8100000  0.00073900000
1.8200000  0.00068600000
1.8300000  0.00072100000
1.8400000  0.00073200000
1.8500000  0.00070300000
1.8600000  0.00068400000
1.8700000  0.00076300000
1.8800000  0.00068800000
1.8900000  0.00068800000
1.9000000  0.00072900000
1.9100000  0.00071600000
1.9200000  0.00068200000
1.9300000  0.00065800000
1.9400000  0.00063400000
1.9500000  0.00069400000
1.9600000  0.00067000000
1.9700000  0.00068100000
1.9800000  0.00066900000
1.9900000  0.00061400000
2.0000000  0.00065400000
2.0100000  0.00066400000
2.0200000  0.00063400000
2.0300000  0.00064400000
2.0400000  0.00067300000
2.0500000  0.00063800000
2.0600000  0.00060300000
2.0700000  0.00064500000
2.0800000  0.00061500000
2.0900000  0.00060500000
2.1000000  0.00059800000
2.1100000  0.00067500000
2.1200000  0.00062800000
2.1300000  0.00062600000
2.1400000  0.00060900000
2.1500000  0.00061400000
2.1600000  0.00054800000
2.1700000  0.00059200000
2.1800000  0.00058200000
2.1900000  0.00066800000
2.2000000  0.00057400000
2.2100000  0.00056600000
2.2200000  0.00057300000
2.2300000  0.00058100000
2.2400000  0.00054200000
2.2500000  0.00052200000
2.2600000  0.00057200000
2.2700000  0.00055400000
2.2800000  0.00054400000
2.2900000  0.00054900000
2.3000000  0.00053700000
2.3100000  0.00054500000
2.3200000  0.00052200000
2.3300000  0.00053000000
2.3400000  0.00055100000
2.3500000  0.00055000000
2.3600000  0.00053800000
2.3700000  0.00054700000
2.3800000  0.00051300000
2.3900000  0.00050300000
2.4000000  0.00052500000
2.4100000  0.00049700000
2.4200000  0.00053200000
2.4300000  0.00048200000
2.4400000  0.00048500000
2.4500000  0.00050800000
2.4600000  0.00048900000
2.4700000  0.00049800000
2.4800000  0.00052200000
2.4900000  0.00048900000
2.5000000  0.00048000000
2.5100000  0.00050200000
2.5200000  0.00046700000
2.5300000  0.00047300000
2.5400000  0.00050200000
2.5500000  0.00046200000
2.5600000  0.00045100000
2.5700000  0.00043500000
2.5800000  0.00046300000
2.5900000  0.00047800000
2.6000000  0.00046200000
2.6100000  0.00044400000
2.6200000  0.00045300000
2.6300000  0.00044800000
2.6400000  0.00046700000
2.6500000  0.00042900000
2.6600000  0.00044500000
2.6700000  0.00043900000
2.6800000  0.00047900000
2.6900000  0.00042300000
2.7000000  0.00043500000
2.7100000  0.00043200000
2.7200000  0.00040700000
2.7300000  0.00047000000
2.7400000  0.00040700000
2.7500000  0.00041500000
2.7600000  0.00038500000
2.7700000  0.00047800000
2.7800000  0.00043700000
2.7900000  0.00039900000
2.8000000  0.00041200000
2.8100000  0.00041500000
2.8200000  0.00043100000
2.8300000  0.00041100000
2.8400000  0.00039900000
2.8500000  0.00039700000
2.8600000  0.00042500000
2.8700000  0.00040900000
2.8800000  0.00037200000
2.8900000  0.00043600000
2.9000000  0.00038500000
2.9100000  0.00038500000
2.9200000  0.00038800000
2.9300000  0.00042200000
2.9400000  0.00043000000
2.9500000  0.00038900000
2.9600000  0.00043200000
2.9700000  0.00038500000
2.9800000  0.00038200000
2.9900000  0.00036500000
3.0000000  0.00040700000
3.0100000  0.00038800000
3.0200000  0.00037800000
3.0300000  0.00039800000
3.0400000  0.00036500000
3.0500000  0.00038000000
3.0600000  0.00039900000
3.0700000  0.00037100000
3.0800000  0.00035600000
3.0900000  0.00039300000
3.1000000  0.00038900000
3.1100000  0.00034500000
3.1200000  0.00033900000
3.1300000  0.00036200000
3.1400000  0.00035700000
3.1500000  0.00036200000
3.1600000  0.00033200000
3.1700000  0.00035900000
3.1800000  0.00036200000
3.1900000  0.00035600000
3.2000000  0.00032900000
3.2100000  0.00033400000
3.2200000  0.00038800000
3.2300000  0.00035700000
3.2400000  0.00035500000
3.2500000  0.00037000000
3.2600000  0.00038600000
3.2700000  0.00040200000
3.2800000  0.00037200000
3.2900000  0.00035100000
3.3000000  0.00036400000
3.3100000  0.00034600000
3.3200000  0.00031700000
3.3300000  0.00032000000
3.3400000  0.00031600000
3.3500000  0.00031100000
3.3600000  0.00036500000
3.3700000  0.00033700000
3.3800000  0.00033900000
3.3900000  0.00034800000
3.4000000  0.00030300000
3.4100000  0.00032000000
3.4200000  0.00032800000
3.4300000  0.00034000000
3.4400000  0.00033200000
3.4500000  0.00031300000
3.4600000  0.00034900000
3.4700000  0.00031600000
3.4800000  0.00034600000
3.4900000  0.00028200000
3.5000000  0.00031800000
3.5100000  0.00033400000
3.5200000  0.00027600000
3.5300000  0.00030700000
3.5400000  0.00030100000
3.5500000  0.00032000000
3.5600000  0.00028500000
3.5700000  0.00029600000
3.5800000  0.00031200000
3.5900000  0.00030000000
3.6000000  0.00028900000
3.6100000  0.00032300000
3.6200000  0.00031800000
3.6300000  0.00030500000
3.6400000  0.00030400000
3.6500000  0.00026200000
3.6600000  0.00032400000
3.6700000  0.00025900000
3.6800000  0.00031300000
3.6900000  0.00029300000
3.7000000  0.00031100000
3.7100000  0.00031900000
3.7200000  0.00030000000
3.7300000  0.00027000000
3.7400000  0.00029300000
3.7500000  0.00030300000
3.7600000  0.00029200000
3.7700000  0.00031400000
3.7800000  0.00028900000
3.7900000  0.00028900000
3.8000000  0.00027700000
3.8100000  0.00028800000
3.8200000  0.00025600000
3.8300000  0.00028000000
3.8400000  0.00027800000
3.8500000  0.00027200000
3.8600000  0.00030000000
3.8700000  0.00029300000
3.8800000  0.00028600000
3.8900000  0.00027900000
3.9000000  0.00029400000
3.9100000  0.00030200000
3.9200000  0.00027700000
3.9300000  0.00024500000
3.9400000  0.00028200000
3.9500000  0.00027300000
3.9600000  0.00026900000
3.9700000  0.00026200000
3.9800000  0.00026300000
3.9900000  0.00029200000
4.0000000  0.00025300000
4.0100000  0.00026000000
4.0200000  0.00025200000
4.0300000  0.00028500000
4.0400000  0.00027800000
4.0500000  0.00027900000
4.0600000  0.00026100000
4.0700000  0.00024300000
4.0800000  0.00026400000
4.0900000  0.00027400000
4.1000000  0.00026400000
4.1100000  0.00024200000
4.1200000  0.00025800000
4.1300000  0.00025900000
4.1400000  0.00026400000
4.1500000  0.00023000000
4.1600000  0.00025800000
4.1700000  0.00027000000
4.1800000  0.00025200000
4.1900000  0.00025800000
4.2000000  0.00023200000
4.2100000  0.00025200000
4.2200000  0.00025200000
4.2300000  0.00024700000
4.2400000  0.00024700000
4.2500000  0.00026000000
4.2600000  0.00025100000
4.2700000  0.00022500000
4.2800000  0.00023100000
4.2900000  0.00022300000
4.3000000  0.00024600000
4.3100000  0.00024500000
4.3200000  0.00023800000
4.3300000  0.00024500000
4.3400000  0.00023800000
4.3500000  0.00024700000
4.3600000  0.00022800000
4.3700000  0.00021400000
4.3800000  0.00022800000
4.3900000  0.00022500000
4.4000000  0.00022500000
4.4100000  0.00024800000
4.4200000  0.00021800000
4.4300000  0.00022800000
4.4400000  0.00022400000
4.4500000  0.00019800000
4.4600000  0.00022400000
4.4700000  0.00022800000
4.4800000  0.00022400000
4.4900000  0.00023900000
4.5000000  0.00022800000
4.5100000  0.00023300000
4.5200000  0.00017800000
4.5300000  0.00022400000
4.5400000  0.00022100000
4.5500000  0.00021300000
4.5600000  0.00021200000
4.5700000  0.00020700000
4.5800000  0.00021900000
4.5900000  0.00019300000
4.6000000  0.00020100000
4.6100000  0.00021500000
4.6200000  0.00022600000
4.6300000  0.00021600000
4.6400000  0.00022600000
4.6500000  0.00019700000
4.6600000  0.00018500000
4.6700000  0.00021200000
4.6800000  0.00018500000
4.6900000  0.00022600000
4.7000000  0.00019700000
4.7100000  0.00021600000
4.7200000  0.00021700000
4.7300000  0.00019400000
4.7400000  0.00022900000
4.7500000  0.00019900000
4.7600000  0.00021200000
4.7700000  0.00022200000
4.7800000  0.00020300000
4.7900000  0.00019900000
4.8000000  0.00021100000
4.8100000  0.00021200000
4.8200000  0.00019700000
4.8300000  0.00021600000
4.8400000  0.00019800000
4.8500000  0.00021700000
4.8600000  0.00021800000
4.8700000  0.00020900000
4.8800000  0.00019400000
4.8900000  0.00018700000
4.9000000  0.00020600000
4.9100000  0.00018600000
4.9200000  0.00017000000
4.9300000  0.00018300000
4.9400000  0.00017700000
4.9500000  0.00019900000
4.9600000  0.00022000000
4.9700000  0.00018600000
4.9800000  0.00019900000
4.9900000  0.00020800000
5.0000000  0.00019200000
5.0100000  0.00017400000
5.0200000  0.00017000000
5.0300000  0.00019400000
5.0400000  0.00020700000
5.0500000  0.00015600000
5.0600000  0.00018200000
5.0700000  0.00017600000
5.0800000  0.00019300000
5.0900000  0.00019900000
5.1000000  0.00017900000
5.1100000  0.00018500000
5.1200000  0.00019300000
5.1300000  0.00017800000
5.1400000  0.00017600000
5.1500000  0.00018200000
5.1600000  0.00018600000
5.1700000  0.00019600000
5.1800000  0.00016600000
5.1900000  0.00019400000
5.2000000  0.00017700000
5.2100000  0.00016800000
5.2200000  0.00017500000
5.2300000  0.00020300000
5.2400000  0.00016500000
5.2500000  0.00015600000
5.2600000  0.00017200000
5.2700000  0.00013800000
5.2800000  0.00018200000
5.2900000  0.00017100000
5.3000000  0.00017100000
5.3100000  0.00017100000
5.3200000  0.00018200000
5.3300000  0.00018600000
5.3400000  0.00016800000
5.3500000  0.00017800000
5.3600000  0.00016000000
5.3700000  0.00017900000
5.3800000  0.00016500000
5.3900000  0.00016400000
5.4000000  0.00017300000
5.4100000  0.00018900000
5.4200000  0.00017600000
5.4300000  0.00013800000
5.4400000  0.00016500000
5.4500000  0.00015000000
5.4600000  0.00016100000
5.4700000  0.00014200000
5.4800000  0.00019200000
5.4900000  0.00014900000
5.5000000  0.00017700000
5.5100000  0.00014800000
5.5200000  0.00014000000
5.5300000  0.00015400000
5.5400000  0.00014400000
5.5500000  0.00018300000
5.5600000  0.00016400000
5.5700000  0.00016300000
5.5800000  0.00015700000
5.5900000  0.00015400000
5.6000000  0.00016400000
5.6100000  0.00013700000
5.6200000  0.00014800000
5.6300000  0.00015300000
5.6400000  0.00015000000
5.6500000  0.00014500000
5.6600000  0.00015500000
5.6700000  0.00014800000
5.6800000  0.00017000000
5.6900000  0.00013300000
5.7000000  0.00015100000
5.7100000  0.00014300000
5.7200000  0.00013600000
5.7300000  0.00016100000
5.7400000  0.00014500000
5.7500000  0.00013600000
5.7600000  0.00013700000
5.7700000  0.00012000000
5.7800000  0.00011700000
5.7900000  0.00014200000
5.8000000  0.00011700000
5.8100000  0.00013200000
5.8200000  0.00012900000
5.8300000  0.00013000000
5.8400000  0.00014200000
5.8500000  0.00012400000
5.8600000  0.00014200000
5.8700000  0.00013300000
5.8800000  0.00014100000
5.8900000  0.00015800000
5.9000000  0.00012000000
5.9100000  0.00014200000
5.9200000  0.00013100000
5.9300000  0.00011100000
5.9400000  0.00012600000
5.9500000  0.00012800000
5.9600000  0.00013700000
5.9700000  0.00013300000
5.9800000  0.00011300000
5.9900000  0.00012500000
6.0000000  0.00011700000
6.0100000  0.00013100000
6.0200000  0.00011900000
6.0300000  0.00012600000
6.0400000  0.00011000000
6.0500000  0.00014900000
6.0600000  0.00012200000
6.0700000  0.00012500000
6.0800000  0.00012500000
6.0900000  0.00014000000
6.1000000  0.00013400000
6.1100000  0.00014700000
6.1200000  0.00012100000
6.1300000  9.8000000E-05
6.1400000  0.00012400000
6.1500000  0.00011900000
6.1600000  0.00012400000
6.1700000  0.00010900000
6.1800000  0.00013300000
6.1900000  0.00012800000
6.2000000  0.00011300000
6.2100000  0.00010700000
6.2200000  0.00012500000
6.2300000  0.00011900000
6.2400000  0.00011300000
6.2500000  0.00011000000
6.2600000  0.00011800000
6.2700000  0.00011100000
6.2800000  0.00012300000
6.2900000  0.00011000000
6.3000000  0.00012200000
6.3100000  0.00011500000
6.3200000  9.2000000E-05
6.3300000  0.00011500000
6.3400000  0.00010800000
6.3500000  0.00012500000
6.3600000  9.6000000E-05
6.3700000  9.9000000E-05
6.3800000  0.00010900000
6.3900000  0.00010200000
6.4000000  0.00012000000
6.4100000  0.00011200000
6.4200000  0.00011500000
6.4300000  0.00011100000
6.4400000  0.00010900000
6.4500000  0.00010400000
6.4600000  9.7000000E-05
6.4700000  9.4000000E-05
6.4800000  0.00010400000
6.4900000  0.00011500000
6.5000000  0.00010800000
6.5100000  0.00010600000
6.5200000  9.7000000E-05
6.5300000  0.00010100000
6.5400000  9.9000000E-05
6.5500000  0.00010700000
6.5600000  9.8000000E-05
6.5700000  0.00010100000
6.5800000  9.9000000E-05
6.5900000  8.3000000E-05
6.6000000  0.00010200000
6.6100000  0.00010400000
6.6200000  9.1000000E-05
6.6300000  0.00010000000
6.6400000  8.7000000E-05
6.6500000  0.00010100000
6.6600000  0.00010100000
6.6700000  8.1000000E-05
6.6800000  9.5000000E-05
6.6900000  8.1000000E-05
6.7000000  0.00011900000
6.7100000  8.9000000E-05
6.7200000  8.8000000E-05
6.7300000  0.00010800000
6.7400000  8.6000000E-05
6.7500000  9.3000000E-05
6.7600000  8.8000000E-05
6.7700000  8.4000000E-05
6.7800000  0.00010000000
6.7900000  9.2000000E-05
6.8000000  0.00010400000
6.8100000  9.8000000E-05
6.8200000  8.1000000E-05
6.8300000  7.5000000E-05
6.8400000  8.7000000E-05
6.8500000  7.9000000E-05
6.8600000  9.7000000E-05
6.8700000  8.5000000E-05
6.8800000  9.1000000E-05
6.8900000  7.7000000E-05
6.9000000  8.1000000E-05
6.9100000  8.9000000E-05
6.9200000  0.00010300000
6.9300000  9.2000000E-05
6.9400000  0.00010300000
6.9500000  7.7000000E-05
6.9600000  8.5000000E-05
6.9700000  8.7000000E-05
6.9800000  9.1000000E-05
6.9900000  8.4000000E-05
7.0000000  6.7000000E-05
7.0100000  6.9000000E-05
7.0200000  8.2000000E-05
7.0300000  7.6000000E-05
7.0400000  8.2000000E-05
7.0500000  6.7000000E-05
7.0600000  7.1000000E-05
7.0700000  8.0000000E-05
7.0800000  8.4000000E-05
7.0900000  5.9000000E-05
7.1000000  8.4000000E-05
7.1100000  6.5000000E-05
7.1200000  7.3000000E-05
7.1300000  7.5000000E-05
7.1400000  7.3000000E-05
7.1500000  8.4000000E-05
7.1600000  6.3000000E-05
7.1700000  7.9000000E-05
7.1800000  7.2000000E-05
7.1900000  7.7000000E-05
7.2000000  7.4000000E-05
7.2100000  7.2000000E-05
7.2200000  6.9000000E-05
7.2300000  7.5000000E-05
7.2400000  6.7000000E-05
7.2500000  7.1000000E-05
7.2600000  6.3000000E-05
7.2700000  7.0000000E-05
7.2800000  6.5000000E-05
7.2900000  8.0000000E-05
7.3000000  7.8000000E-05
7.3100000  6.1000000E-05
7.3200000  6.6000000E-05
7.3300000  7.3000000E-05
7.3400000  7.4000000E-05
7.3500000  5.6000000E-05
7.3600000  5.9000000E-05
7.3700000  5.8000000E-05
7.3800000  6.9000000E-05
7.3900000  7.7000000E-05
7.4000000  8.4000000E-05
7.4100000  6.0000000E-05
7.4200000  7.1000000E-05
7.4300000  5.8000000E-05
7.4400000  7.3000000E-05
7.4500000  6.6000000E-05
7.4600000  7.1000000E-05
7.4700000  6.8000000E-05
7.4800000  6.0000000E-05
7.4900000  6.8000000E-05
7.5000000  5.9000000E-05
7.5100000  6.2000000E-05
7.5200000  4.7000000E-05
7.5300000  6.7000000E-05
7.5400000  5.5000000E-05
7.5500000  6.9000000E-05
7.5600000  7.0000000E-05
7.5700000  6.6000000E-05
7.5800000  6.5000000E-05
7.5900000  7.6000000E-05
7.6000000  4.8000000E-05
7.6100000  5.1000000E-05
7.6200000  5.6000000E-05
7.6300000  6.1000000E-05
7.6400000  5.3000000E-05
7.6500000  5.6000000E-05
7.6600000  6.3000000E-05
7.6700000  5.4000000E-05
7.6800000  5.5000000E-05
7.6900000  5.7000000E-05
7.7000000  5.3000000E-05
7.7100000  6.1000000E-05
7.7200000  6.7000000E-05
7.7300000  5.7000000E-05
7.7400000  6.2000000E-05
7.7500000  4.6000000E-05
7.7600000  5.1000000E-05
7.7700000  5.0000000E-05
7.7800000  5.9000000E-05
7.7900000  7.7000000E-05
7.8000000  5.8000000E-05
7.8100000  5.2000000E-05
7.8200000  4.2000000E-05
7.8300000  4.2000000E-05
7.8400000  4.8000000E-05
7.8500000  5.3000000E-05
7.8600000  6.0000000E-05
7.8700000  4.9000000E-05
7.8800000  4.0000000E-05
7.8900000  3.6000000E-05
7.9000000  5.4000000E-05
7.9100000  4.7000000E-05
7.9200000  4.4000000E-05
7.9300000  4.0000000E-05
7.9400000  5.5000000E-05
7.9500000  3.5000000E-05
7.9600000  4.4000000E-05
7.9700000  5.8000000E-05
7.9800000  4.5000000E-05
7.9900000  3.4000000E-05
8.0000000  4.2000000E-05
8.0100000  5.6000000E-05
8.0200000  5.2000000E-05
8.0300000  4.3000000E-05
8.0400000  5.1000000E-05
8.0500000  4.5000000E-05
8.0600000  5.1000000E-05
8.0700000  3.1000000E-05
8.0800000  3.4000000E-05
8.0900000  4.0000000E-05
8.1000000  3.2000000E-05
8.1100000  4.8000000E-05
8.1200000  4.5000000E-05
8.1300000  3.5000000E-05
8.1400000  6.6000000E-05
8.1500000  3.8000000E-05
8.1600000  3.6000000E-05
8.1700000  3.1000000E-05
8.1800000  5.1000000E-05
8.1900000  4.1000000E-05
8.2000000  4.9000000E-05
8.2100000  5.1000000E-05
8.2200000  3.8000000E-05
8.2300000  3.5000000E-05
8.2400000  5.2000000E-05
8.2500000  4.4000000E-05
8.2600000  4.5000000E-05
8.2700000  3.6000000E-05
8.2800000  4.6000000E-05
8.2900000  4.3000000E-05
8.3000000  4.5000000E-05
8.3100000  4.3000000E-05
8.3200000  4.5000000E-05
8.3300000  4.8000000E-05
8.3400000  4.4000000E-05
8.3500000  3.6000000E-05
8.3600000  2.4000000E-05
8.3700000  3.6000000E-05
8.3800000  3.4000000E-05
8.3900000  4.8000000E-05
8.4000000  4.7000000E-05
8.4100000  3.8000000E-05
8.4200000  4.8000000E-05
8.4300000  4.2000000E-05
8.4400000  2.7000000E-05
8.4500000  4.6000000E-05
8.4600000  4.7000000E-05
8.4700000  3.6000000E-05
8.4800000  4.2000000E-05
8.4900000  2.9000000E-05
8.5000000  2.9000000E-05
8.5100000  3.6000000E-05
8.5200000  2.7000000E-05
8.5300000  3.5000000E-05
8.5400000  3.2000000E-05
8.5500000  3.9000000E-05
8.5600000  2.9000000E-05
8.5700000  4.5000000E-05
8.5800000  3.8000000E-05
8.5900000  5.1000000E-05
8.6000000  3.5000000E-05
8.6100000  3.2000000E-05
8.6200000  2.4000000E-05
8.6300000  3.0000000E-05
8.6400000  2.7000000E-05
8.6500000  4.0000000E-05
8.6600000  2.9000000E-05
8.6700000  2.8000000E-05
8.6800000  3.1000000E-05
8.6900000  2.8000000E-05
8.7000000  2.6000000E-05
8.7100000  2.6000000E-05
8.7200000  2.6000000E-05
8.7300000  3.5000000E-05
8.7400000  2.8000000E-05
8.7500000  3.7000000E-05
8.7600000  2.7000000E-05
8.7700000  2.9000000E-05
8.7800000  3.1000000E-05
8.7900000  3.8000000E-05
8.8000000  3.5000000E-05
8.8100000  2.8000000E-05
8.8200000  3.5000000E-05
8.8300000  1.9000000E-05
8.8400000  2.0000000E-05
8.8500000  2.8000000E-05
8.8600000  4.0000000E-05
8.8700000  3.2000000E-05
8.8800000  3.5000000E-05
8.8900000  3.1000000E-05
8.9000000  2.4000000E-05
8.9100000  3.8000000E-05
8.9200000  3.3000000E-05
8.9300000  2.2000000E-05
8.9400000  2.3000000E-05
8.9500000  4.0000000E-05
8.9600000  3.3000000E-05
8.9700000  2.0000000E-05
8.9800000  2.6000000E-05
8.9900000  2.3000000E-05
9.0000000  3.1000000E-05
9.0100000  2.3000000E-05
9.0200000  2.4000000E-05
9.0300000  1.5000000E-05
9.0400000  2.0000000E-05
9.0500000  3.7000000E-05
9.0600000  3.4000000E-05
9.0700000  3.4000000E-05
9.0800000  2.9000000E-05
9.0900000  2.5000000E-05
9.1000000  2.4000000E-05
9.1100000  3.3000000E-05
9.1200000  2.6000000E-05
9.1300000  2.8000000E-05
9.1400000  2.9000000E-05
9.1500000  2.8000000E-05
9.1600000  3.4000000E-05
9.1700000  2.9000000E-05
9.1800000  2.9000000E-05
9.1900000  2.1000000E-05
9.2000000  2.1000000E-05
9.2100000  3.0000000E-05
9.2200000  2.7000000E-05
9.2300000  2.2000000E-05
9.2400000  2.5000000E-05
9.2500000  1.8000000E-05
9.2600000  2.3000000E-05
9.2700000  2.2000000E-05
9.2800000  2.8000000E-05
9.2900000  2.6000000E-05
9.3000000  2.7000000E-05
9.3100000  2.2000000E-05
9.3200000  2.7000000E-05
9.3300000  2.3000000E-05
9.3400000  2.8000000E-05
9.3500000  2.0000000E-05
9.3600000  2.7000000E-05
9.3700000  2.6000000E-05
9.3800000  2.7000000E-05
9.3900000  2.2000000E-05
9.4000000  1.8000000E-05
9.4100000  2.0000000E-05
9.4200000  1.9000000E-05
9.4300000  2.0000000E-05
9.4400000  1.5000000E-05
9.4500000  1.8000000E-05
9.4600000  2.0000000E-05
9.4700000  2.3000000E-05
9.4800000  2.6000000E-05
9.4900000  2.3000000E-05
9.5000000  1.1000000E-05
9.5100000  1.9000000E-05
9.5200000  1.5000000E-05
9.5300000  1.9000000E-05
9.5400000  1.8000000E-05
9.5500000  1.7000000E-05
9.5600000  2.2000000E-05
9.5700000  1.8000000E-05
9.5800000  2.2000000E-05
9.5900000  1.8000000E-05
9.6000000  2.4000000E-05
9.6100000  1.7000000E-05
9.6200000  2.5000000E-05
9.6300000  2.3000000E-05
9.6400000  1.3000000E-05
9.6500000  2.3000000E-05
9.6600000  1.7000000E-05
9.6700000  2.4000000E-05
9.6800000  1.9000000E-05
9.6900000  2.3000000E-05
9.7000000  1.9000000E-05
9.7100000  1.8000000E-05
9.7200000  2.0000000E-05
9.7300000  1.5000000E-05
9.7400000  2.0000000E-05
9.7500000  2.4000000E-05
9.7600000  1.4000000E-05
9.7700000  2.1000000E-05
9.7800000  1.9000000E-05
9.7900000  1.9000000E-05
9.8000000  1.5000000E-05
9.8100000  1.0000000E-05
9.8200000  1.7000000E-05
9.8300000  2.2000000E-05
9.8400000  1.9000000E-05
9.8500000  1.6000000E-05
9.8600000  2.0000000E-05
9.8700000  1.6000000E-05
9.8800000  1.0000000E-05
9.8900000  2.1000000E-05
9.9000000  1.5000000E-05
9.9100000  2.1000000E-05
9.9200000  2.0000000E-05
9.9300000  1.7000000E-05
9.9400000  1.7000000E-05
9.9500000  1.1000000E-05
9.9600000  1.2000000E-05
9.9700000  1.1000000E-05
9.9800000  9.0000000E-06
9.9900000  1.2000000E-05
