X              Y
0.0000000    0.013146000
0.010000000    0.013141000
0.020000000    0.012533000
0.030000000    0.013507000
0.040000000    0.014855000
0.050000000    0.012665000
0.060000000    0.012279000
0.070000000    0.012184000
0.080000000    0.012737000
0.090000000    0.011715000
0.10000000    0.011809000
0.11000000    0.011517000
0.12000000    0.010685000
0.13000000    0.010699000
0.14000000    0.011417000
0.15000000    0.010403000
0.16000000    0.011142000
0.17000000    0.010650000
0.18000000   0.0093220000
0.19000000   0.0098070000
0.20000000    0.010324000
0.21000000   0.0095430000
0.22000000   0.0097510000
0.23000000   0.0097440000
0.24000000   0.0089860000
0.25000000    0.010624000
0.26000000   0.0096770000
0.27000000   0.0091910000
0.28000000   0.0084990000
0.29000000   0.0081330000
0.30000000   0.0080150000
0.31000000   0.0081980000
0.32000000   0.0078170000
0.33000000   0.0082160000
0.34000000   0.0078250000
0.35000000   0.0075870000
0.36000000   0.0079020000
0.37000000   0.0076960000
0.38000000   0.0071720000
0.39000000   0.0071240000
0.40000000   0.0072400000
0.41000000   0.0079370000
0.42000000   0.0068120000
0.43000000   0.0062920000
0.44000000   0.0072140000
0.45000000   0.0063230000
0.46000000   0.0066900000
0.47000000   0.0060110000
0.48000000   0.0060910000
0.49000000   0.0055400000
0.50000000   0.0058540000
0.51000000   0.0064880000
0.52000000   0.0059710000
0.53000000   0.0065740000
0.54000000   0.0055510000
0.55000000   0.0054330000
0.56000000   0.0053650000
0.57000000   0.0059130000
0.58000000   0.0058050000
0.59000000   0.0046440000
0.60000000   0.0049700000
0.61000000   0.0054960000
0.62000000   0.0050370000
0.63000000   0.0049690000
0.64000000   0.0044700000
0.65000000   0.0047500000
0.66000000   0.0054190000
0.67000000   0.0041390000
0.68000000   0.0051410000
0.69000000   0.0051370000
0.70000000   0.0040430000
0.71000000   0.0048570000
0.72000000   0.0042520000
0.73000000   0.0044510000
0.74000000   0.0046880000
0.75000000   0.0037470000
0.76000000   0.0041310000
0.77000000   0.0050590000
0.78000000   0.0040220000
0.79000000   0.0038230000
0.80000000   0.0042830000
0.81000000   0.0044330000
0.82000000   0.0035410000
0.83000000   0.0034390000
0.84000000   0.0033760000
0.85000000   0.0034460000
0.86000000   0.0031900000
0.87000000   0.0037520000
0.88000000   0.0033860000
0.89000000   0.0032630000
0.90000000   0.0037470000
0.91000000   0.0033870000
0.92000000   0.0035150000
0.93000000   0.0031930000
0.94000000   0.0030930000
0.95000000   0.0030140000
0.96000000   0.0029500000
0.97000000   0.0030720000
0.98000000   0.0028690000
0.99000000   0.0028250000
1.0000000   0.0024050000
1.0100000   0.0030900000
1.0200000   0.0030010000
1.0300000   0.0027850000
1.0400000   0.0029080000
1.0500000   0.0026030000
1.0600000   0.0026160000
1.0700000   0.0028540000
1.0800000   0.0026430000
1.0900000   0.0022060000
1.1000000   0.0024270000
1.1100000   0.0019720000
1.1200000   0.0022920000
1.1300000   0.0024590000
1.1400000   0.0021350000
1.1500000   0.0024990000
1.1600000   0.0026790000
1.1700000   0.0023000000
1.1800000   0.0021410000
1.1900000   0.0021050000
1.2000000   0.0018520000
1.2100000   0.0017440000
1.2200000   0.0019850000
1.2300000   0.0023560000
1.2400000   0.0020180000
1.2500000   0.0024070000
1.2600000   0.0017330000
1.2700000   0.0018490000
1.2800000   0.0021080000
1.2900000   0.0019710000
1.3000000   0.0021490000
1.3100000   0.0016810000
1.3200000   0.0017430000
1.3300000   0.0018720000
1.3400000   0.0019490000
1.3500000   0.0016340000
1.3600000   0.0018310000
1.3700000   0.0015200000
1.3800000   0.0016200000
1.3900000   0.0020440000
1.4000000   0.0016960000
1.4100000   0.0016020000
1.4200000   0.0020890000
1.4300000   0.0018000000
1.4400000   0.0013230000
1.4500000   0.0015940000
1.4600000   0.0014830000
1.4700000   0.0016260000
1.4800000   0.0014690000
1.4900000   0.0013510000
1.5000000   0.0014000000
1.5100000   0.0016700000
1.5200000   0.0016700000
1.5300000   0.0015840000
1.5400000   0.0017090000
1.5500000   0.0017410000
1.5600000   0.0013330000
1.5700000   0.0019220000
1.5800000   0.0015390000
1.5900000   0.0014490000
1.6000000   0.0010950000
1.6100000   0.0014410000
1.6200000   0.0011720000
1.6300000   0.0013580000
1.6400000   0.0015030000
1.6500000   0.0012290000
1.6600000   0.0013050000
1.6700000   0.0017030000
1.6800000   0.0010260000
1.6900000   0.0013800000
1.7000000   0.0013940000
1.7100000   0.0011970000
1.7200000   0.0015210000
1.7300000   0.0010820000
1.7400000   0.0012500000
1.7500000   0.0013800000
1.7600000   0.0012600000
1.7700000   0.0015400000
1.7800000  0.00080900000
1.7900000   0.0014020000
1.8000000   0.0015890000
1.8100000   0.0011930000
1.8200000  0.00094900000
1.8300000   0.0012200000
1.8400000   0.0011970000
1.8500000  0.00098500000
1.8600000  0.00070400000
1.8700000   0.0014080000
1.8800000   0.0012080000
1.8900000   0.0010970000
1.9000000   0.0011440000
1.9100000  0.00077600000
1.9200000  0.00086800000
1.9300000  0.00090900000
1.9400000   0.0010480000
1.9500000   0.0010650000
1.9600000   0.0011340000
1.9700000   0.0010620000
1.9800000  0.00084900000
1.9900000  0.00090600000
2.0000000  0.00075700000
2.0100000   0.0010910000
2.0200000   0.0010930000
2.0300000  0.00074500000
2.0400000  0.00081300000
2.0500000   0.0012570000
2.0600000  0.00078700000
2.0700000   0.0012900000
2.0800000  0.00088100000
2.0900000   0.0011790000
2.1000000  0.00095700000
2.1100000  0.00094900000
2.1200000  0.00087600000
2.1300000  0.00084600000
2.1400000  0.00092700000
2.1500000  0.00084400000
2.1600000  0.00064000000
2.1700000  0.00071100000
2.1800000   0.0011300000
2.1900000  0.00077700000
2.2000000  0.00093400000
2.2100000   0.0010300000
2.2200000  0.00086600000
2.2300000  0.00073600000
2.2400000  0.00070900000
2.2500000  0.00093400000
2.2600000  0.00081600000
2.2700000  0.00064900000
2.2800000  0.00096100000
2.2900000  0.00092100000
2.3000000  0.00059700000
2.3100000  0.00078100000
2.3200000  0.00080000000
2.3300000   0.0011100000
2.3400000  0.00057100000
2.3500000  0.00075700000
2.3600000  0.00070500000
2.3700000  0.00062800000
2.3800000  0.00073000000
2.3900000  0.00068600000
2.4000000  0.00046300000
2.4100000   0.0010560000
2.4200000  0.00049900000
2.4300000  0.00082900000
2.4400000  0.00077400000
2.4500000  0.00053600000
2.4600000  0.00076400000
2.4700000  0.00065800000
2.4800000  0.00068400000
2.4900000   0.0011940000
2.5000000  0.00057400000
2.5100000  0.00039000000
2.5200000  0.00079500000
2.5300000  0.00059300000
2.5400000  0.00049700000
2.5500000  0.00061200000
2.5600000  0.00079000000
2.5700000  0.00051300000
2.5800000  0.00054500000
2.5900000  0.00062900000
2.6000000  0.00061800000
2.6100000  0.00047100000
2.6200000  0.00066600000
2.6300000  0.00042700000
2.6400000  0.00048200000
2.6500000  0.00072300000
2.6600000  0.00047100000
2.6700000  0.00026800000
2.6800000  0.00046300000
2.6900000  0.00054300000
2.7000000  0.00046700000
2.7100000  0.00063700000
2.7200000  0.00080400000
2.7300000  0.00045100000
2.7400000  0.00059700000
2.7500000  0.00048600000
2.7600000  0.00047500000
2.7700000  0.00064700000
2.7800000  0.00036100000
2.7900000  0.00031200000
2.8000000  0.00029400000
2.8100000  0.00063300000
2.8200000  0.00065200000
2.8300000  0.00057200000
2.8400000  0.00034700000
2.8500000  0.00041400000
2.8600000  0.00042900000
2.8700000  0.00099400000
2.8800000  0.00061800000
2.8900000  0.00079100000
2.9000000  0.00063300000
2.9100000  0.00033200000
2.9200000  0.00050800000
2.9300000  0.00036100000
2.9400000  0.00036400000
2.9500000  0.00046700000
2.9600000  0.00049500000
2.9700000  0.00067200000
2.9800000  0.00050400000
2.9900000  0.00032500000
3.0000000  0.00067300000
3.0100000  0.00076200000
3.0200000  0.00049200000
3.0300000  0.00023100000
3.0400000  0.00030100000
3.0500000  0.00017200000
3.0600000  0.00032200000
3.0700000  0.00025800000
3.0800000  0.00035700000
3.0900000  0.00042800000
3.1000000  0.00049000000
3.1100000  0.00050600000
3.1200000  0.00037500000
3.1300000  0.00059100000
3.1400000  0.00023700000
3.1500000  0.00025000000
3.1600000  0.00062300000
3.1700000  0.00036800000
3.1800000  0.00032000000
3.1900000  0.00066300000
3.2000000  0.00049800000
3.2100000  0.00036500000
3.2200000  0.00042900000
3.2300000   0.0012560000
3.2400000  0.00035600000
3.2500000  0.00041500000
3.2600000  0.00058300000
3.2700000  0.00026800000
3.2800000  0.00017600000
3.2900000  0.00036600000
3.3000000  0.00023800000
3.3100000  0.00042700000
3.3200000  0.00038300000
3.3300000  0.00036900000
3.3400000  0.00035500000
3.3500000  0.00041100000
3.3600000  0.00018100000
3.3700000  0.00053600000
3.3800000  0.00050600000
3.3900000  0.00038100000
3.4000000  0.00018600000
3.4100000  0.00036100000
3.4200000  0.00039400000
3.4300000  0.00030300000
3.4400000  0.00056600000
3.4500000  0.00027500000
3.4600000  0.00019300000
3.4700000  0.00042000000
3.4800000  0.00025900000
3.4900000  0.00030800000
3.5000000  0.00023300000
3.5100000  0.00037800000
3.5200000  0.00030800000
3.5300000  0.00018400000
3.5400000  0.00025700000
3.5500000  0.00041600000
3.5600000  0.00019000000
3.5700000  0.00041000000
3.5800000  0.00055900000
3.5900000  0.00026900000
3.6000000  8.8000000E-05
3.6100000  0.00042200000
3.6200000  0.00030000000
3.6300000  0.00026800000
3.6400000  0.00046700000
3.6500000  9.6000000E-05
3.6600000  0.00029900000
3.6700000  0.00025200000
3.6800000  0.00022000000
3.6900000  0.00043100000
3.7000000  0.00047400000
3.7100000  0.00030100000
3.7200000  0.00041300000
3.7300000  0.00013400000
3.7400000  0.00010700000
3.7500000  0.00031000000
3.7600000  0.00034900000
3.7700000  0.00015600000
3.7800000  0.00015900000
3.7900000  0.00026200000
3.8000000  0.00028100000
3.8100000  0.00028800000
3.8200000  0.00015100000
3.8300000  0.00017800000
3.8400000  0.00055600000
3.8500000  9.4000000E-05
3.8600000  0.00018700000
3.8700000  0.00011200000
3.8800000  0.00016200000
3.8900000  0.00018700000
3.9000000  0.00021000000
3.9100000  0.00027300000
3.9200000  0.00033100000
3.9300000  0.00026100000
3.9400000  0.00044300000
3.9500000  5.7000000E-05
3.9600000  0.00038400000
3.9700000  0.00014400000
3.9800000  0.00011500000
3.9900000  0.00010600000
4.0000000  0.00020300000
4.0100000  0.00017300000
4.0200000  3.9000000E-05
4.0300000   0.0010650000
4.0400000  0.00042800000
4.0500000  0.00029800000
4.0600000  0.00013200000
4.0700000  4.1000000E-05
4.0800000  0.00032600000
4.0900000  0.00016500000
4.1000000  0.00031900000
4.1100000  0.00010300000
4.1200000  0.00019500000
4.1300000  0.00027600000
4.1400000  0.00019900000
4.1500000  0.00023400000
4.1600000  0.00011100000
4.1700000  0.00021100000
4.1800000  0.00029900000
4.1900000  0.00039300000
4.2000000  0.00035400000
4.2100000  0.00027300000
4.2200000  0.00010400000
4.2300000  0.00023200000
4.2400000  0.00050300000
4.2500000  4.6000000E-05
4.2600000  0.00022500000
4.2700000  0.00027300000
4.2800000  0.00035500000
4.2900000  0.00017700000
4.3000000  0.00014000000
4.3100000  0.00010300000
4.3200000  4.0000000E-05
4.3300000  0.00018800000
4.3400000  0.00017900000
4.3500000  0.00013100000
4.3600000  0.00032100000
4.3700000  0.00012400000
4.3800000  0.00038600000
4.3900000  0.00018100000
4.4000000  3.6000000E-05
4.4100000  8.3000000E-05
4.4200000  7.8000000E-05
4.4300000  0.00029800000
4.4400000  3.5000000E-05
4.4500000  5.1000000E-05
4.4600000  0.00012900000
4.4700000  0.00013000000
4.4800000  0.00013500000
4.4900000  0.00015700000
4.5000000  0.00025700000
4.5100000  0.00011300000
4.5200000  0.00024200000
4.5300000  0.00019400000
4.5400000  2.0000000E-05
4.5500000  0.00014400000
4.5600000  0.00019800000
4.5700000  4.0000000E-05
4.5800000  3.6000000E-05
4.5900000  4.5000000E-05
4.6000000  0.00041900000
4.6100000  7.7000000E-05
4.6200000  2.9000000E-05
4.6300000  0.00035100000
4.6400000  0.00029700000
4.6500000  0.00016200000
4.6600000  7.9000000E-05
4.6700000  0.00018300000
4.6800000  0.00019200000
4.6900000  0.00026700000
4.7000000  5.7000000E-05
4.7100000  1.5000000E-05
4.7200000  0.00013100000
4.7300000  0.00027500000
4.7400000  0.00022200000
4.7500000  6.6000000E-05
4.7600000  3.5000000E-05
4.7700000  7.3000000E-05
4.7800000  0.00011100000
4.7900000  2.1000000E-05
4.8000000  0.00014100000
4.8100000  0.00012000000
4.8200000  0.00013300000
4.8300000  4.4000000E-05
4.8400000  1.8000000E-05
4.8500000  5.9000000E-05
4.8600000  2.7000000E-05
4.8700000  0.00012200000
4.8800000  0.00014600000
4.8900000  2.4000000E-05
4.9000000  0.00015100000
4.9100000  0.00016300000
4.9200000  0.00011900000
4.9300000  0.00011300000
4.9400000  5.0000000E-05
4.9500000  6.8000000E-05
4.9600000  1.7000000E-05
4.9700000  0.00018600000
4.9800000  2.8000000E-05
4.9900000  6.7000000E-05
5.0000000  0.00013400000
5.0100000  2.9000000E-05
5.0200000  6.8000000E-05
5.0300000  5.1000000E-05
5.0400000  0.00010900000
5.0500000  9.0000000E-06
5.0600000  1.6000000E-05
5.0700000  7.6000000E-05
5.0800000  0.00011300000
5.0900000  0.00015400000
5.1000000  0.00010900000
5.1100000  0.00018000000
5.1200000  3.9000000E-05
5.1300000  0.00019400000
5.1400000  0.00012200000
5.1500000  0.00058000000
5.1600000  6.0000000E-05
5.1700000  3.4000000E-05
5.1800000  2.3000000E-05
5.1900000  0.00025400000
5.2000000  2.5000000E-05
5.2100000  8.2000000E-05
5.2200000  9.7000000E-05
5.2300000  7.8000000E-05
5.2400000  5.8000000E-05
5.2500000  2.7000000E-05
5.2600000  0.00020900000
5.2700000  0.00020100000
5.2800000  6.0000000E-05
5.2900000  5.8000000E-05
5.3000000  7.1000000E-05
5.3100000  0.00022500000
5.3200000  0.00046900000
5.3300000  2.0000000E-05
5.3400000  4.8000000E-05
5.3500000  7.1000000E-05
5.3600000  3.2000000E-05
5.3700000  1.5000000E-05
5.3800000  2.5000000E-05
5.3900000  0.00013900000
5.4000000  1.4000000E-05
5.4100000  1.4000000E-05
5.4200000  3.4000000E-05
5.4300000  0.00024700000
5.4400000  0.00021500000
5.4500000  2.8000000E-05
5.4600000  0.00018500000
5.4700000  0.00021400000
5.4800000  3.4000000E-05
5.4900000  0.00017900000
5.5000000  0.00010900000
5.5100000  1.2000000E-05
5.5200000  9.0000000E-06
5.5300000  9.4000000E-05
5.5400000  7.0000000E-05
5.5500000  1.2000000E-05
5.5600000  1.2000000E-05
5.5700000  2.6000000E-05
5.5800000  1.0000000E-05
5.5900000  4.6000000E-05
5.6000000  6.5000000E-05
5.6100000  0.00012000000
5.6200000  6.6000000E-05
5.6300000  7.0000000E-05
5.6400000  2.7000000E-05
5.6500000  8.8000000E-05
5.6600000  7.2000000E-05
5.6700000  9.0000000E-06
5.6800000  4.1000000E-05
5.6900000  0.00018300000
5.7000000  1.5000000E-05
5.7100000  1.9000000E-05
5.7200000  1.2000000E-05
5.7300000  0.00019500000
5.7400000  4.1000000E-05
5.7500000  9.0000000E-06
5.7600000  0.00011400000
5.7700000  6.3000000E-05
5.7800000  1.8000000E-05
5.7900000  3.9000000E-05
5.8000000  2.7000000E-05
5.8100000  6.8000000E-05
5.8200000  0.00036500000
5.8300000  7.8000000E-05
5.8400000  7.1000000E-05
5.8500000  6.4000000E-05
5.8600000  4.0000000E-06
5.8700000  4.0000000E-06
5.8800000  1.0000000E-05
5.8900000  7.0000000E-06
5.9000000  2.9000000E-05
5.9100000  3.2000000E-05
5.9200000  4.1000000E-05
5.9300000  1.0000000E-05
5.9400000  8.0000000E-06
5.9500000  3.3000000E-05
5.9600000  1.4000000E-05
5.9700000  9.8000000E-05
5.9800000  1.9000000E-05
5.9900000  0.00029700000
6.0000000  1.4000000E-05
6.0100000  5.0000000E-06
6.0200000  4.5000000E-05
6.0300000  2.0000000E-05
6.0400000  0.00083200000
6.0500000  2.5000000E-05
6.0600000  7.3000000E-05
6.0700000  5.0000000E-06
6.0800000  1.5000000E-05
6.0900000  6.0000000E-06
6.1000000  4.3000000E-05
6.1100000  2.7000000E-05
6.1200000  9.0000000E-06
6.1300000  8.0000000E-06
6.1400000  0.00011300000
6.1500000  9.0000000E-06
6.1600000  0.00014500000
6.1700000  8.5000000E-05
6.1800000  2.7000000E-05
6.1900000  0.00020700000
6.2000000  1.0000000E-05
6.2100000  1.9000000E-05
6.2200000  0.00010200000
6.2300000  5.0000000E-06
6.2400000  6.3000000E-05
6.2500000  9.0000000E-06
6.2600000  2.0000000E-06
6.2700000  1.0000000E-05
6.2800000  1.0000000E-05
6.2900000  1.4000000E-05
6.3000000  2.0000000E-06
6.3100000  6.2000000E-05
6.3200000  3.9000000E-05
6.3300000  2.0000000E-06
6.3400000  6.2000000E-05
6.3500000  6.0000000E-06
6.3600000  7.0000000E-06
6.3700000  3.5000000E-05
6.3800000  0.00011000000
6.3900000  9.0000000E-06
6.4000000  6.0000000E-06
6.4100000  4.5000000E-05
6.4200000  0.00011300000
6.4300000  8.0000000E-06
6.4400000  4.9000000E-05
6.4500000  7.0000000E-06
6.4600000  6.3000000E-05
6.4700000  2.0000000E-06
6.4800000  7.6000000E-05
6.4900000  6.0000000E-06
6.5000000  9.1000000E-05
6.5100000  3.0000000E-06
6.5200000  1.4000000E-05
6.5300000  7.0000000E-06
6.5400000  2.7000000E-05
6.5500000  7.0000000E-06
6.5600000  5.0000000E-06
6.5700000  1.0000000E-05
6.5800000  0.00064000000
6.5900000  4.0000000E-06
6.6000000  0.00011100000
6.6100000  7.0000000E-06
6.6200000  0.00012200000
6.6300000  7.0000000E-06
6.6400000  4.1000000E-05
6.6500000  4.0000000E-06
6.6600000  7.0000000E-06
6.6700000  0.00016800000
6.6800000  2.0000000E-06
6.6900000  4.0000000E-05
6.7000000  4.5000000E-05
6.7100000  6.0000000E-06
6.7200000  8.2000000E-05
6.7300000  5.0000000E-06
6.7400000  6.0000000E-06
6.7500000  0.00011900000
6.7600000  5.0000000E-06
6.7700000  2.2000000E-05
6.7800000  9.0000000E-06
6.7900000  4.1000000E-05
6.8000000  3.9000000E-05
6.8100000  5.7000000E-05
6.8200000  3.0000000E-06
6.8300000  2.0000000E-06
6.8400000  4.2000000E-05
6.8500000  2.1000000E-05
6.8600000  3.0000000E-06
6.8700000  3.0000000E-06
6.8800000  6.0000000E-06
6.8900000  4.0000000E-06
6.9000000  1.2000000E-05
6.9100000  2.7000000E-05
6.9200000  4.0000000E-06
6.9300000  5.9000000E-05
6.9400000  0.00010600000
6.9500000  3.0000000E-06
6.9600000  9.0000000E-05
6.9700000  6.0000000E-06
6.9800000  3.0000000E-06
6.9900000  2.3000000E-05
7.0000000  4.0000000E-06
7.0100000  0.00015800000
7.0200000  1.0000000E-06
7.0300000  3.0000000E-06
7.0400000  4.0000000E-06
7.0500000  6.0000000E-06
7.0600000  3.0000000E-06
7.0700000  4.0000000E-06
7.0800000  8.6000000E-05
7.0900000  2.0000000E-06
7.1000000  0.00010700000
7.1100000  5.0000000E-06
7.1200000  5.0000000E-06
7.1300000  1.0000000E-06
7.1400000  3.0000000E-06
7.1500000  5.6000000E-05
7.1600000  2.0000000E-06
7.1700000  1.4000000E-05
7.1800000  4.0000000E-06
7.1900000  0.00075100000
7.2000000  0.00017300000
7.2100000  5.0000000E-06
7.2200000  3.3000000E-05
7.2300000  5.0000000E-06
7.2400000  1.4000000E-05
7.2500000  2.4000000E-05
7.2600000  0.00015300000
7.2700000  5.0000000E-06
7.2800000  1.4000000E-05
7.2900000  3.0000000E-06
7.3000000  2.0000000E-06
7.3100000  3.0000000E-06
7.3200000  4.0000000E-06
7.3300000  5.0000000E-06
7.3400000  4.0000000E-06
7.3500000  3.0000000E-06
7.3600000  1.0000000E-06
7.3700000  0.00012500000
7.3800000  5.0000000E-06
7.3900000  1.4000000E-05
7.4000000  8.8000000E-05
7.4100000  6.0000000E-06
7.4200000  8.9000000E-05
7.4300000  6.0000000E-06
7.4400000  3.0000000E-06
7.4500000  6.0000000E-06
7.4600000  0.00017700000
7.4700000  1.7000000E-05
7.4800000  5.4000000E-05
7.4900000  1.0000000E-06
7.5000000  5.0000000E-06
7.5100000  0.00017000000
7.5200000  6.0000000E-06
7.5300000  6.0000000E-06
7.5400000  4.0000000E-06
7.5500000  4.0000000E-06
7.5600000  1.7000000E-05
7.5700000  2.0000000E-06
7.5800000  1.0000000E-06
7.5900000  3.0000000E-06
7.6000000  3.2000000E-05
7.6100000  0.00014400000
7.6200000      0.0000000
7.6300000  6.0000000E-06
7.6400000  0.00016200000
7.6500000  1.0000000E-06
7.6600000  0.00026600000
7.6700000  1.9000000E-05
7.6800000  6.0000000E-06
7.6900000  0.00014800000
7.7000000  3.0000000E-06
7.7100000      0.0000000
7.7200000  5.0000000E-06
7.7300000  1.0000000E-06
7.7400000  6.0000000E-06
7.7500000  1.2000000E-05
7.7600000  2.0000000E-06
7.7700000      0.0000000
7.7800000  2.0000000E-06
7.7900000  0.00011200000
7.8000000  5.0000000E-06
7.8100000  4.0000000E-06
7.8200000  6.0000000E-06
7.8300000  4.0000000E-06
7.8400000  2.0000000E-06
7.8500000  1.0000000E-06
7.8600000  2.0000000E-06
7.8700000  1.4000000E-05
7.8800000  1.0000000E-06
7.8900000  2.6000000E-05
7.9000000  4.0000000E-06
7.9100000  2.0000000E-06
7.9200000      0.0000000
7.9300000  5.0000000E-06
7.9400000  5.0000000E-06
7.9500000  4.3000000E-05
7.9600000  4.8000000E-05
7.9700000  1.0000000E-06
7.9800000  3.6000000E-05
7.9900000      0.0000000
8.0000000  3.0000000E-06
8.0100000  1.0000000E-06
8.0200000  5.0000000E-06
8.0300000  0.00082100000
8.0400000      0.0000000
8.0500000  0.00012400000
8.0600000  1.0000000E-06
8.0700000  4.0000000E-06
8.0800000  1.0000000E-06
8.0900000  1.0000000E-06
8.1000000  4.0000000E-06
8.1100000  1.0000000E-06
8.1200000  2.0000000E-06
8.1300000  3.0000000E-06
8.1400000  3.0000000E-06
8.1500000  3.0000000E-06
8.1600000  7.0000000E-06
8.1700000  2.2000000E-05
8.1800000  1.0000000E-06
8.1900000  1.0000000E-06
8.2000000  2.0000000E-06
8.2100000  0.00014500000
8.2200000  2.0000000E-06
8.2300000  2.0000000E-06
8.2400000  2.0000000E-06
8.2500000  2.0000000E-06
8.2600000  1.0000000E-06
8.2700000  3.0000000E-06
8.2800000  9.0000000E-06
8.2900000  5.0000000E-06
8.3000000      0.0000000
8.3100000  2.0000000E-06
8.3200000  4.0000000E-06
8.3300000  4.0000000E-06
8.3400000  4.0000000E-06
8.3500000  3.0000000E-06
8.3600000      0.0000000
8.3700000  8.0000000E-06
8.3800000      0.0000000
8.3900000  2.0000000E-06
8.4000000  3.0000000E-06
8.4100000  2.0000000E-06
8.4200000  2.0000000E-06
8.4300000  1.0000000E-06
8.4400000  1.0000000E-05
8.4500000  0.00031900000
8.4600000  2.0000000E-06
8.4700000  4.0000000E-06
8.4800000      0.0000000
8.4900000      0.0000000
8.5000000  0.00019700000
8.5100000      0.0000000
8.5200000  1.0000000E-06
8.5300000  1.0000000E-06
8.5400000  4.0000000E-06
8.5500000      0.0000000
8.5600000      0.0000000
8.5700000  2.3000000E-05
8.5800000  1.0000000E-06
8.5900000  1.0000000E-06
8.6000000  1.0000000E-06
8.6100000  1.0000000E-06
8.6200000  2.0000000E-06
8.6300000      0.0000000
8.6400000  3.0000000E-06
8.6500000  2.5000000E-05
8.6600000      0.0000000
8.6700000  2.0000000E-06
8.6800000  1.0000000E-06
8.6900000      0.0000000
8.7000000      0.0000000
8.7100000  2.0000000E-06
8.7200000  0.00044300000
8.7300000  4.5000000E-05
8.7400000      0.0000000
8.7500000  0.00010400000
8.7600000  0.00012300000
8.7700000      0.0000000
8.7800000  1.0000000E-06
8.7900000  4.0000000E-06
8.8000000  1.0000000E-06
8.8100000      0.0000000
8.8200000  4.3000000E-05
8.8300000      0.0000000
8.8400000  1.0000000E-06
8.8500000  1.0000000E-06
8.8600000  2.0000000E-06
8.8700000  5.4000000E-05
8.8800000      0.0000000
8.8900000  2.0000000E-06
8.9000000  1.0000000E-06
8.9100000      0.0000000
8.9200000  5.0000000E-06
8.9300000      0.0000000
8.9400000      0.0000000
8.9500000  0.00012400000
8.9600000      0.0000000
8.9700000      0.0000000
8.9800000  2.4000000E-05
8.9900000  1.0000000E-06
9.0000000  1.0000000E-06
9.0100000      0.0000000
9.0200000  2.0000000E-06
9.0300000      0.0000000
9.0400000  1.6000000E-05
9.0500000  0.00011800000
9.0600000  1.8000000E-05
9.0700000  1.0000000E-06
9.0800000  1.0000000E-06
9.0900000      0.0000000
9.1000000      0.0000000
9.1100000      0.0000000
9.1200000      0.0000000
9.1300000  1.0000000E-06
9.1400000  4.8000000E-05
9.1500000      0.0000000
9.1600000      0.0000000
9.1700000  2.0000000E-06
9.1800000      0.0000000
9.1900000  1.0000000E-06
9.2000000  1.0000000E-06
9.2100000      0.0000000
9.2200000  1.0000000E-06
9.2300000  2.0000000E-06
9.2400000      0.0000000
9.2500000      0.0000000
9.2600000  1.0000000E-06
9.2700000  1.0000000E-06
9.2800000  0.00019100000
9.2900000      0.0000000
9.3000000      0.0000000
9.3100000      0.0000000
9.3200000  1.0000000E-06
9.3300000  0.00029500000
9.3400000      0.0000000
9.3500000  2.0000000E-06
9.3600000  1.0000000E-06
9.3700000  1.0000000E-06
9.3800000  0.00010600000
9.3900000      0.0000000
9.4000000      0.0000000
9.4100000      0.0000000
9.4200000  1.0000000E-06
9.4300000      0.0000000
9.4400000  1.0000000E-06
9.4500000      0.0000000
9.4600000      0.0000000
9.4700000  1.0000000E-06
9.4800000  1.0000000E-06
9.4900000  1.0000000E-06
9.5000000      0.0000000
9.5100000  1.0000000E-06
9.5200000      0.0000000
9.5300000  1.0000000E-06
9.5400000  2.0000000E-05
9.5500000      0.0000000
9.5600000      0.0000000
9.5700000      0.0000000
9.5800000  4.0000000E-06
9.5900000  1.0000000E-06
9.6000000  1.0000000E-06
9.6100000      0.0000000
9.6200000      0.0000000
9.6300000      0.0000000
9.6400000      0.0000000
9.6500000      0.0000000
9.6600000  1.0000000E-06
9.6700000  1.0000000E-06
9.6800000      0.0000000
9.6900000      0.0000000
9.7000000      0.0000000
9.7100000      0.0000000
9.7200000  6.0000000E-05
9.7300000  1.0000000E-06
9.7400000      0.0000000
9.7500000  1.0000000E-06
9.7600000      0.0000000
9.7700000  2.0000000E-06
9.7800000  0.00033900000
9.7900000      0.0000000
9.8000000      0.0000000
9.8100000      0.0000000
9.8200000      0.0000000
9.8300000      0.0000000
9.8400000      0.0000000
9.8500000      0.0000000
9.8600000  1.0000000E-06
9.8700000      0.0000000
9.8800000      0.0000000
9.8900000  0.00014200000
9.9000000      0.0000000
9.9100000      0.0000000
9.9200000  8.0000000E-06
9.9300000      0.0000000
9.9400000      0.0000000
9.9500000      0.0000000
9.9600000      0.0000000
9.9700000      0.0000000
9.9800000  7.0000000E-06
9.9900000  4.0000000E-05
