X              Y
0.0000000    0.014918000
0.010000000    0.014498000
0.020000000    0.014285000
0.030000000    0.014008000
0.040000000    0.013600000
0.050000000    0.013544000
0.060000000    0.013294000
0.070000000    0.013032000
0.080000000    0.013045000
0.090000000    0.012539000
0.10000000    0.012409000
0.11000000    0.012227000
0.12000000    0.011880000
0.13000000    0.011753000
0.14000000    0.011511000
0.15000000    0.011243000
0.16000000    0.011157000
0.17000000    0.010836000
0.18000000    0.010710000
0.19000000    0.010494000
0.20000000    0.010208000
0.21000000    0.010122000
0.22000000   0.0097360000
0.23000000   0.0096560000
0.24000000   0.0094700000
0.25000000   0.0094420000
0.26000000   0.0093190000
0.27000000   0.0091520000
0.28000000   0.0089080000
0.29000000   0.0087500000
0.30000000   0.0085160000
0.31000000   0.0084310000
0.32000000   0.0083480000
0.33000000   0.0082810000
0.34000000   0.0081040000
0.35000000   0.0079950000
0.36000000   0.0079230000
0.37000000   0.0077540000
0.38000000   0.0076010000
0.39000000   0.0074370000
0.40000000   0.0073500000
0.41000000   0.0070830000
0.42000000   0.0070880000
0.43000000   0.0069210000
0.44000000   0.0067760000
0.45000000   0.0067120000
0.46000000   0.0066590000
0.47000000   0.0064930000
0.48000000   0.0063630000
0.49000000   0.0061870000
0.50000000   0.0061550000
0.51000000   0.0060040000
0.52000000   0.0060650000
0.53000000   0.0059000000
0.54000000   0.0058610000
0.55000000   0.0056690000
0.56000000   0.0055480000
0.57000000   0.0054390000
0.58000000   0.0052980000
0.59000000   0.0051190000
0.60000000   0.0051670000
0.61000000   0.0051690000
0.62000000   0.0049390000
0.63000000   0.0048710000
0.64000000   0.0049080000
0.65000000   0.0047630000
0.66000000   0.0046730000
0.67000000   0.0044650000
0.68000000   0.0044680000
0.69000000   0.0044390000
0.70000000   0.0042700000
0.71000000   0.0044420000
0.72000000   0.0042730000
0.73000000   0.0042180000
0.74000000   0.0041120000
0.75000000   0.0040880000
0.76000000   0.0038950000
0.77000000   0.0038390000
0.78000000   0.0039050000
0.79000000   0.0036970000
0.80000000   0.0036960000
0.81000000   0.0035420000
0.82000000   0.0036800000
0.83000000   0.0036160000
0.84000000   0.0035140000
0.85000000   0.0033870000
0.86000000   0.0033500000
0.87000000   0.0032520000
0.88000000   0.0031820000
0.89000000   0.0032760000
0.90000000   0.0031460000
0.91000000   0.0031260000
0.92000000   0.0031070000
0.93000000   0.0030680000
0.94000000   0.0029790000
0.95000000   0.0029140000
0.96000000   0.0029450000
0.97000000   0.0027980000
0.98000000   0.0027480000
0.99000000   0.0027070000
1.0000000   0.0027040000
1.0100000   0.0026270000
1.0200000   0.0025720000
1.0300000   0.0026170000
1.0400000   0.0025370000
1.0500000   0.0025520000
1.0600000   0.0024600000
1.0700000   0.0025160000
1.0800000   0.0023960000
1.0900000   0.0022950000
1.1000000   0.0023030000
1.1100000   0.0022670000
1.1200000   0.0022610000
1.1300000   0.0022320000
1.1400000   0.0022130000
1.1500000   0.0021710000
1.1600000   0.0021880000
1.1700000   0.0020660000
1.1800000   0.0020520000
1.1900000   0.0020620000
1.2000000   0.0020300000
1.2100000   0.0019510000
1.2200000   0.0020730000
1.2300000   0.0018890000
1.2400000   0.0019050000
1.2500000   0.0018670000
1.2600000   0.0018380000
1.2700000   0.0018310000
1.2800000   0.0018040000
1.2900000   0.0018110000
1.3000000   0.0017840000
1.3100000   0.0017970000
1.3200000   0.0017230000
1.3300000   0.0017290000
1.3400000   0.0017050000
1.3500000   0.0017050000
1.3600000   0.0016450000
1.3700000   0.0016310000
1.3800000   0.0015900000
1.3900000   0.0016440000
1.4000000   0.0016380000
1.4100000   0.0015180000
1.4200000   0.0015530000
1.4300000   0.0015140000
1.4400000   0.0014870000
1.4500000   0.0014930000
1.4600000   0.0015440000
1.4700000   0.0014580000
1.4800000   0.0013920000
1.4900000   0.0014910000
1.5000000   0.0014600000
1.5100000   0.0013270000
1.5200000   0.0014230000
1.5300000   0.0012590000
1.5400000   0.0013390000
1.5500000   0.0013210000
1.5600000   0.0013430000
1.5700000   0.0013140000
1.5800000   0.0012560000
1.5900000   0.0013310000
1.6000000   0.0012900000
1.6100000   0.0012280000
1.6200000   0.0012540000
1.6300000   0.0012570000
1.6400000   0.0012210000
1.6500000   0.0012460000
1.6600000   0.0012130000
1.6700000   0.0012110000
1.6800000   0.0012390000
1.6900000   0.0012040000
1.7000000   0.0011780000
1.7100000   0.0011920000
1.7200000   0.0011440000
1.7300000   0.0011390000
1.7400000   0.0011490000
1.7500000   0.0011760000
1.7600000   0.0010820000
1.7700000   0.0010940000
1.7800000   0.0010620000
1.7900000   0.0010510000
1.8000000   0.0011600000
1.8100000   0.0010130000
1.8200000   0.0010460000
1.8300000   0.0010990000
1.8400000   0.0010260000
1.8500000  0.00098200000
1.8600000   0.0010040000
1.8700000   0.0010070000
1.8800000  0.00095900000
1.8900000   0.0010310000
1.9000000  0.00098200000
1.9100000  0.00094100000
1.9200000  0.00097600000
1.9300000  0.00094900000
1.9400000  0.00097900000
1.9500000  0.00095700000
1.9600000  0.00092200000
1.9700000  0.00092600000
1.9800000  0.00090700000
1.9900000  0.00094900000
2.0000000  0.00088900000
2.0100000  0.00089900000
2.0200000  0.00087000000
2.0300000  0.00086700000
2.0400000  0.00084700000
2.0500000  0.00088500000
2.0600000  0.00083000000
2.0700000  0.00091300000
2.0800000  0.00083300000
2.0900000  0.00087300000
2.1000000  0.00081600000
2.1100000  0.00083200000
2.1200000  0.00082100000
2.1300000  0.00076000000
2.1400000  0.00084900000
2.1500000  0.00084400000
2.1600000  0.00080200000
2.1700000  0.00081400000
2.1800000  0.00076600000
2.1900000  0.00080300000
2.2000000  0.00079900000
2.2100000  0.00073400000
2.2200000  0.00076300000
2.2300000  0.00075400000
2.2400000  0.00076900000
2.2500000  0.00071900000
2.2600000  0.00073700000
2.2700000  0.00074600000
2.2800000  0.00075600000
2.2900000  0.00072500000
2.3000000  0.00073700000
2.3100000  0.00070600000
2.3200000  0.00069900000
2.3300000  0.00071000000
2.3400000  0.00069300000
2.3500000  0.00068500000
2.3600000  0.00070900000
2.3700000  0.00075700000
2.3800000  0.00071600000
2.3900000  0.00064300000
2.4000000  0.00063400000
2.4100000  0.00064300000
2.4200000  0.00066200000
2.4300000  0.00067600000
2.4400000  0.00068900000
2.4500000  0.00065800000
2.4600000  0.00062900000
2.4700000  0.00060700000
2.4800000  0.00065100000
2.4900000  0.00060900000
2.5000000  0.00063800000
2.5100000  0.00059200000
2.5200000  0.00067100000
2.5300000  0.00061500000
2.5400000  0.00062300000
2.5500000  0.00065800000
2.5600000  0.00054000000
2.5700000  0.00059200000
2.5800000  0.00058000000
2.5900000  0.00062500000
2.6000000  0.00058100000
2.6100000  0.00055200000
2.6200000  0.00058300000
2.6300000  0.00060000000
2.6400000  0.00054500000
2.6500000  0.00052900000
2.6600000  0.00053900000
2.6700000  0.00059800000
2.6800000  0.00055600000
2.6900000  0.00056900000
2.7000000  0.00053900000
2.7100000  0.00052200000
2.7200000  0.00056000000
2.7300000  0.00053000000
2.7400000  0.00054000000
2.7500000  0.00056300000
2.7600000  0.00049500000
2.7700000  0.00048100000
2.7800000  0.00055700000
2.7900000  0.00048600000
2.8000000  0.00052400000
2.8100000  0.00052900000
2.8200000  0.00051000000
2.8300000  0.00053800000
2.8400000  0.00049400000
2.8500000  0.00047200000
2.8600000  0.00054500000
2.8700000  0.00050100000
2.8800000  0.00047100000
2.8900000  0.00047900000
2.9000000  0.00049300000
2.9100000  0.00048600000
2.9200000  0.00050200000
2.9300000  0.00045400000
2.9400000  0.00049200000
2.9500000  0.00047100000
2.9600000  0.00047500000
2.9700000  0.00044900000
2.9800000  0.00048100000
2.9900000  0.00045400000
3.0000000  0.00046800000
3.0100000  0.00044900000
3.0200000  0.00043900000
3.0300000  0.00045600000
3.0400000  0.00046600000
3.0500000  0.00040300000
3.0600000  0.00040400000
3.0700000  0.00045100000
3.0800000  0.00038000000
3.0900000  0.00043200000
3.1000000  0.00044300000
3.1100000  0.00039900000
3.1200000  0.00041700000
3.1300000  0.00043400000
3.1400000  0.00040000000
3.1500000  0.00040500000
3.1600000  0.00040300000
3.1700000  0.00044100000
3.1800000  0.00040700000
3.1900000  0.00038500000
3.2000000  0.00040700000
3.2100000  0.00037900000
3.2200000  0.00040600000
3.2300000  0.00036200000
3.2400000  0.00035200000
3.2500000  0.00039300000
3.2600000  0.00036300000
3.2700000  0.00038400000
3.2800000  0.00035200000
3.2900000  0.00039500000
3.3000000  0.00035100000
3.3100000  0.00037400000
3.3200000  0.00036800000
3.3300000  0.00040500000
3.3400000  0.00033900000
3.3500000  0.00036300000
3.3600000  0.00032700000
3.3700000  0.00034300000
3.3800000  0.00035300000
3.3900000  0.00035100000
3.4000000  0.00035200000
3.4100000  0.00033400000
3.4200000  0.00029000000
3.4300000  0.00035300000
3.4400000  0.00034000000
3.4500000  0.00032100000
3.4600000  0.00034100000
3.4700000  0.00031700000
3.4800000  0.00034100000
3.4900000  0.00030300000
3.5000000  0.00031700000
3.5100000  0.00036700000
3.5200000  0.00030600000
3.5300000  0.00032400000
3.5400000  0.00031000000
3.5500000  0.00034800000
3.5600000  0.00032800000
3.5700000  0.00029300000
3.5800000  0.00031900000
3.5900000  0.00033800000
3.6000000  0.00028600000
3.6100000  0.00034600000
3.6200000  0.00034400000
3.6300000  0.00029200000
3.6400000  0.00030500000
3.6500000  0.00031100000
3.6600000  0.00030200000
3.6700000  0.00033500000
3.6800000  0.00030600000
3.6900000  0.00032300000
3.7000000  0.00026900000
3.7100000  0.00027300000
3.7200000  0.00025000000
3.7300000  0.00031100000
3.7400000  0.00029800000
3.7500000  0.00029700000
3.7600000  0.00032300000
3.7700000  0.00027900000
3.7800000  0.00026700000
3.7900000  0.00026200000
3.8000000  0.00027400000
3.8100000  0.00027600000
3.8200000  0.00026600000
3.8300000  0.00029200000
3.8400000  0.00029700000
3.8500000  0.00028900000
3.8600000  0.00024800000
3.8700000  0.00025300000
3.8800000  0.00025300000
3.8900000  0.00027100000
3.9000000  0.00028200000
3.9100000  0.00025600000
3.9200000  0.00024900000
3.9300000  0.00024800000
3.9400000  0.00025100000
3.9500000  0.00025900000
3.9600000  0.00023700000
3.9700000  0.00023500000
3.9800000  0.00026600000
3.9900000  0.00026700000
4.0000000  0.00026000000
4.0100000  0.00023800000
4.0200000  0.00021800000
4.0300000  0.00024200000
4.0400000  0.00025200000
4.0500000  0.00023900000
4.0600000  0.00021300000
4.0700000  0.00020700000
4.0800000  0.00022000000
4.0900000  0.00024100000
4.1000000  0.00023500000
4.1100000  0.00023300000
4.1200000  0.00020700000
4.1300000  0.00022700000
4.1400000  0.00024600000
4.1500000  0.00025500000
4.1600000  0.00021500000
4.1700000  0.00023700000
4.1800000  0.00021400000
4.1900000  0.00022000000
4.2000000  0.00021200000
4.2100000  0.00020300000
4.2200000  0.00021400000
4.2300000  0.00019500000
4.2400000  0.00020000000
4.2500000  0.00020100000
4.2600000  0.00020400000
4.2700000  0.00021500000
4.2800000  0.00021100000
4.2900000  0.00021500000
4.3000000  0.00021500000
4.3100000  0.00020600000
4.3200000  0.00020800000
4.3300000  0.00021100000
4.3400000  0.00020400000
4.3500000  0.00024500000
4.3600000  0.00018600000
4.3700000  0.00018500000
4.3800000  0.00020900000
4.3900000  0.00019400000
4.4000000  0.00020900000
4.4100000  0.00018800000
4.4200000  0.00022100000
4.4300000  0.00019700000
4.4400000  0.00019900000
4.4500000  0.00019600000
4.4600000  0.00020100000
4.4700000  0.00019500000
4.4800000  0.00019100000
4.4900000  0.00019400000
4.5000000  0.00018900000
4.5100000  0.00022300000
4.5200000  0.00016300000
4.5300000  0.00018400000
4.5400000  0.00018000000
4.5500000  0.00015000000
4.5600000  0.00017200000
4.5700000  0.00018700000
4.5800000  0.00016300000
4.5900000  0.00018100000
4.6000000  0.00017700000
4.6100000  0.00017100000
4.6200000  0.00019100000
4.6300000  0.00017400000
4.6400000  0.00019800000
4.6500000  0.00016700000
4.6600000  0.00016600000
4.6700000  0.00017800000
4.6800000  0.00018800000
4.6900000  0.00016000000
4.7000000  0.00015800000
4.7100000  0.00019100000
4.7200000  0.00015100000
4.7300000  0.00018300000
4.7400000  0.00015100000
4.7500000  0.00014300000
4.7600000  0.00016600000
4.7700000  0.00017700000
4.7800000  0.00016500000
4.7900000  0.00016300000
4.8000000  0.00015400000
4.8100000  0.00016900000
4.8200000  0.00016400000
4.8300000  0.00015300000
4.8400000  0.00017700000
4.8500000  0.00015200000
4.8600000  0.00014500000
4.8700000  0.00013600000
4.8800000  0.00016700000
4.8900000  0.00013900000
4.9000000  0.00013200000
4.9100000  0.00016300000
4.9200000  0.00015700000
4.9300000  0.00015900000
4.9400000  0.00015200000
4.9500000  0.00015500000
4.9600000  0.00014500000
4.9700000  0.00015600000
4.9800000  0.00015300000
4.9900000  0.00014900000
5.0000000  0.00014300000
5.0100000  0.00013900000
5.0200000  0.00011900000
5.0300000  0.00015400000
5.0400000  0.00015300000
5.0500000  0.00012500000
5.0600000  0.00013900000
5.0700000  0.00014700000
5.0800000  0.00014100000
5.0900000  0.00011800000
5.1000000  0.00015500000
5.1100000  0.00012100000
5.1200000  0.00013300000
5.1300000  0.00013700000
5.1400000  0.00013100000
5.1500000  0.00014500000
5.1600000  0.00013100000
5.1700000  0.00012600000
5.1800000  0.00015000000
5.1900000  0.00012700000
5.2000000  0.00013800000
5.2100000  0.00013000000
5.2200000  0.00014500000
5.2300000  0.00012900000
5.2400000  0.00013100000
5.2500000  0.00012400000
5.2600000  0.00012900000
5.2700000  0.00012100000
5.2800000  0.00013200000
5.2900000  0.00012900000
5.3000000  0.00010400000
5.3100000  0.00012900000
5.3200000  0.00012600000
5.3300000  0.00011000000
5.3400000  0.00013400000
5.3500000  0.00011400000
5.3600000  0.00014200000
5.3700000  0.00013000000
5.3800000  0.00010700000
5.3900000  0.00012200000
5.4000000  0.00011900000
5.4100000  0.00012500000
5.4200000  0.00010200000
5.4300000  0.00011200000
5.4400000  0.00012400000
5.4500000  0.00012500000
5.4600000  0.00011600000
5.4700000  0.00010100000
5.4800000  0.00010100000
5.4900000  0.00012100000
5.5000000  9.9000000E-05
5.5100000  0.00011200000
5.5200000  0.00010100000
5.5300000  0.00010100000
5.5400000  0.00010300000
5.5500000  0.00010700000
5.5600000  0.00011200000
5.5700000  0.00011500000
5.5800000  9.9000000E-05
5.5900000  0.00011000000
5.6000000  0.00011500000
5.6100000  0.00010300000
5.6200000  0.00010500000
5.6300000  9.8000000E-05
5.6400000  0.00011200000
5.6500000  0.00011500000
5.6600000  0.00010600000
5.6700000  8.7000000E-05
5.6800000  9.6000000E-05
5.6900000  0.00011500000
5.7000000  8.6000000E-05
5.7100000  0.00010300000
5.7200000  8.6000000E-05
5.7300000  9.4000000E-05
5.7400000  8.5000000E-05
5.7500000  9.1000000E-05
5.7600000  8.4000000E-05
5.7700000  0.00010400000
5.7800000  9.4000000E-05
5.7900000  0.00011000000
5.8000000  8.8000000E-05
5.8100000  9.3000000E-05
5.8200000  0.00010400000
5.8300000  8.4000000E-05
5.8400000  7.2000000E-05
5.8500000  8.5000000E-05
5.8600000  0.00010100000
5.8700000  8.5000000E-05
5.8800000  8.7000000E-05
5.8900000  7.7000000E-05
5.9000000  9.4000000E-05
5.9100000  8.5000000E-05
5.9200000  7.1000000E-05
5.9300000  9.6000000E-05
5.9400000  7.7000000E-05
5.9500000  8.7000000E-05
5.9600000  8.6000000E-05
5.9700000  8.3000000E-05
5.9800000  9.4000000E-05
5.9900000  7.2000000E-05
6.0000000  9.0000000E-05
6.0100000  7.8000000E-05
6.0200000  8.5000000E-05
6.0300000  7.9000000E-05
6.0400000  7.8000000E-05
6.0500000  7.3000000E-05
6.0600000  8.4000000E-05
6.0700000  8.0000000E-05
6.0800000  8.0000000E-05
6.0900000  6.7000000E-05
6.1000000  8.8000000E-05
6.1100000  6.7000000E-05
6.1200000  7.3000000E-05
6.1300000  8.0000000E-05
6.1400000  8.1000000E-05
6.1500000  7.7000000E-05
6.1600000  7.1000000E-05
6.1700000  8.5000000E-05
6.1800000  5.8000000E-05
6.1900000  7.6000000E-05
6.2000000  8.4000000E-05
6.2100000  8.2000000E-05
6.2200000  7.4000000E-05
6.2300000  6.7000000E-05
6.2400000  7.4000000E-05
6.2500000  6.7000000E-05
6.2600000  7.1000000E-05
6.2700000  8.4000000E-05
6.2800000  7.3000000E-05
6.2900000  5.8000000E-05
6.3000000  8.3000000E-05
6.3100000  7.5000000E-05
6.3200000  7.9000000E-05
6.3300000  6.5000000E-05
6.3400000  6.7000000E-05
6.3500000  6.6000000E-05
6.3600000  8.0000000E-05
6.3700000  5.2000000E-05
6.3800000  5.5000000E-05
6.3900000  7.3000000E-05
6.4000000  8.3000000E-05
6.4100000  7.6000000E-05
6.4200000  6.7000000E-05
6.4300000  7.7000000E-05
6.4400000  6.1000000E-05
6.4500000  7.6000000E-05
6.4600000  8.9000000E-05
6.4700000  5.6000000E-05
6.4800000  7.7000000E-05
6.4900000  7.8000000E-05
6.5000000  7.8000000E-05
6.5100000  7.0000000E-05
6.5200000  5.7000000E-05
6.5300000  6.4000000E-05
6.5400000  6.7000000E-05
6.5500000  6.8000000E-05
6.5600000  6.5000000E-05
6.5700000  7.1000000E-05
6.5800000  4.8000000E-05
6.5900000  6.6000000E-05
6.6000000  6.6000000E-05
6.6100000  5.6000000E-05
6.6200000  5.0000000E-05
6.6300000  5.0000000E-05
6.6400000  6.0000000E-05
6.6500000  6.6000000E-05
6.6600000  5.3000000E-05
6.6700000  6.1000000E-05
6.6800000  6.0000000E-05
6.6900000  4.7000000E-05
6.7000000  5.3000000E-05
6.7100000  4.6000000E-05
6.7200000  5.0000000E-05
6.7300000  5.7000000E-05
6.7400000  4.9000000E-05
6.7500000  4.5000000E-05
6.7600000  5.6000000E-05
6.7700000  4.1000000E-05
6.7800000  6.2000000E-05
6.7900000  4.6000000E-05
6.8000000  4.3000000E-05
6.8100000  4.6000000E-05
6.8200000  4.8000000E-05
6.8300000  5.0000000E-05
6.8400000  4.9000000E-05
6.8500000  5.1000000E-05
6.8600000  5.4000000E-05
6.8700000  4.8000000E-05
6.8800000  5.2000000E-05
6.8900000  5.1000000E-05
6.9000000  4.3000000E-05
6.9100000  5.8000000E-05
6.9200000  5.0000000E-05
6.9300000  5.3000000E-05
6.9400000  3.9000000E-05
6.9500000  6.1000000E-05
6.9600000  4.7000000E-05
6.9700000  4.0000000E-05
6.9800000  4.9000000E-05
6.9900000  5.2000000E-05
7.0000000  5.5000000E-05
7.0100000  4.2000000E-05
7.0200000  4.9000000E-05
7.0300000  3.2000000E-05
7.0400000  5.1000000E-05
7.0500000  4.5000000E-05
7.0600000  5.2000000E-05
7.0700000  4.3000000E-05
7.0800000  4.1000000E-05
7.0900000  4.2000000E-05
7.1000000  6.1000000E-05
7.1100000  5.4000000E-05
7.1200000  4.7000000E-05
7.1300000  3.5000000E-05
7.1400000  5.2000000E-05
7.1500000  4.2000000E-05
7.1600000  4.4000000E-05
7.1700000  4.5000000E-05
7.1800000  4.6000000E-05
7.1900000  4.1000000E-05
7.2000000  3.9000000E-05
7.2100000  4.6000000E-05
7.2200000  3.9000000E-05
7.2300000  5.0000000E-05
7.2400000  5.3000000E-05
7.2500000  4.5000000E-05
7.2600000  4.0000000E-05
7.2700000  3.6000000E-05
7.2800000  4.2000000E-05
7.2900000  5.7000000E-05
7.3000000  2.6000000E-05
7.3100000  3.1000000E-05
7.3200000  3.6000000E-05
7.3300000  3.9000000E-05
7.3400000  3.4000000E-05
7.3500000  3.5000000E-05
7.3600000  3.4000000E-05
7.3700000  2.5000000E-05
7.3800000  4.2000000E-05
7.3900000  4.0000000E-05
7.4000000  3.2000000E-05
7.4100000  3.8000000E-05
7.4200000  4.0000000E-05
7.4300000  3.1000000E-05
7.4400000  3.5000000E-05
7.4500000  3.5000000E-05
7.4600000  3.0000000E-05
7.4700000  3.7000000E-05
7.4800000  3.4000000E-05
7.4900000  3.0000000E-05
7.5000000  3.7000000E-05
7.5100000  3.7000000E-05
7.5200000  3.8000000E-05
7.5300000  3.2000000E-05
7.5400000  3.7000000E-05
7.5500000  4.2000000E-05
7.5600000  3.7000000E-05
7.5700000  3.0000000E-05
7.5800000  3.3000000E-05
7.5900000  3.7000000E-05
7.6000000  3.8000000E-05
7.6100000  3.8000000E-05
7.6200000  2.9000000E-05
7.6300000  3.2000000E-05
7.6400000  4.1000000E-05
7.6500000  3.5000000E-05
7.6600000  3.9000000E-05
7.6700000  4.0000000E-05
7.6800000  3.5000000E-05
7.6900000  3.2000000E-05
7.7000000  3.3000000E-05
7.7100000  2.7000000E-05
7.7200000  2.5000000E-05
7.7300000  2.8000000E-05
7.7400000  2.7000000E-05
7.7500000  2.8000000E-05
7.7600000  2.9000000E-05
7.7700000  2.4000000E-05
7.7800000  1.6000000E-05
7.7900000  3.0000000E-05
7.8000000  2.7000000E-05
7.8100000  3.7000000E-05
7.8200000  2.0000000E-05
7.8300000  2.6000000E-05
7.8400000  2.3000000E-05
7.8500000  2.9000000E-05
7.8600000  2.6000000E-05
7.8700000  2.8000000E-05
7.8800000  2.2000000E-05
7.8900000  2.5000000E-05
7.9000000  2.5000000E-05
7.9100000  2.3000000E-05
7.9200000  3.1000000E-05
7.9300000  2.9000000E-05
7.9400000  3.2000000E-05
7.9500000  2.7000000E-05
7.9600000  2.8000000E-05
7.9700000  2.7000000E-05
7.9800000  2.4000000E-05
7.9900000  2.1000000E-05
8.0000000  3.1000000E-05
8.0100000  3.2000000E-05
8.0200000  3.2000000E-05
8.0300000  2.4000000E-05
8.0400000  2.4000000E-05
8.0500000  1.8000000E-05
8.0600000  3.4000000E-05
8.0700000  2.2000000E-05
8.0800000  1.5000000E-05
8.0900000  1.3000000E-05
8.1000000  4.0000000E-05
8.1100000  3.9000000E-05
8.1200000  1.7000000E-05
8.1300000  3.0000000E-05
8.1400000  2.4000000E-05
8.1500000  1.7000000E-05
8.1600000  2.5000000E-05
8.1700000  3.6000000E-05
8.1800000  2.2000000E-05
8.1900000  1.9000000E-05
8.2000000  2.3000000E-05
8.2100000  1.7000000E-05
8.2200000  2.0000000E-05
8.2300000  2.3000000E-05
8.2400000  2.0000000E-05
8.2500000  2.7000000E-05
8.2600000  2.0000000E-05
8.2700000  2.1000000E-05
8.2800000  2.5000000E-05
8.2900000  2.0000000E-05
8.3000000  1.9000000E-05
8.3100000  1.6000000E-05
8.3200000  1.6000000E-05
8.3300000  2.4000000E-05
8.3400000  2.6000000E-05
8.3500000  1.0000000E-05
8.3600000  2.6000000E-05
8.3700000  1.3000000E-05
8.3800000  2.2000000E-05
8.3900000  1.6000000E-05
8.4000000  2.2000000E-05
8.4100000  2.8000000E-05
8.4200000  2.4000000E-05
8.4300000  2.2000000E-05
8.4400000  2.4000000E-05
8.4500000  2.4000000E-05
8.4600000  2.5000000E-05
8.4700000  2.3000000E-05
8.4800000  2.3000000E-05
8.4900000  9.0000000E-06
8.5000000  1.9000000E-05
8.5100000  2.3000000E-05
8.5200000  1.7000000E-05
8.5300000  1.7000000E-05
8.5400000  1.6000000E-05
8.5500000  2.0000000E-05
8.5600000  2.3000000E-05
8.5700000  1.1000000E-05
8.5800000  1.4000000E-05
8.5900000  1.5000000E-05
8.6000000  2.9000000E-05
8.6100000  1.7000000E-05
8.6200000  3.0000000E-05
8.6300000  2.3000000E-05
8.6400000  2.4000000E-05
8.6500000  2.2000000E-05
8.6600000  1.8000000E-05
8.6700000  2.3000000E-05
8.6800000  1.5000000E-05
8.6900000  1.5000000E-05
8.7000000  1.4000000E-05
8.7100000  1.5000000E-05
8.7200000  1.9000000E-05
8.7300000  1.5000000E-05
8.7400000  2.0000000E-05
8.7500000  2.0000000E-05
8.7600000  1.2000000E-05
8.7700000  1.6000000E-05
8.7800000  1.3000000E-05
8.7900000  1.4000000E-05
8.8000000  1.6000000E-05
8.8100000  1.9000000E-05
8.8200000  2.0000000E-05
8.8300000  1.7000000E-05
8.8400000  1.2000000E-05
8.8500000  1.3000000E-05
8.8600000  1.9000000E-05
8.8700000  1.6000000E-05
8.8800000  1.5000000E-05
8.8900000  1.4000000E-05
8.9000000  1.7000000E-05
8.9100000  1.4000000E-05
8.9200000  2.1000000E-05
8.9300000  1.5000000E-05
8.9400000  1.6000000E-05
8.9500000  1.5000000E-05
8.9600000  1.4000000E-05
8.9700000  1.3000000E-05
8.9800000  1.3000000E-05
8.9900000  1.3000000E-05
9.0000000  6.0000000E-06
9.0100000  1.5000000E-05
9.0200000  1.2000000E-05
9.0300000  1.7000000E-05
9.0400000  1.7000000E-05
9.0500000  1.5000000E-05
9.0600000  1.4000000E-05
9.0700000  1.6000000E-05
9.0800000  1.1000000E-05
9.0900000  1.3000000E-05
9.1000000  1.0000000E-05
9.1100000  1.3000000E-05
9.1200000  1.1000000E-05
9.1300000  5.0000000E-06
9.1400000  1.7000000E-05
9.1500000  1.6000000E-05
9.1600000  1.1000000E-05
9.1700000  1.4000000E-05
9.1800000  1.5000000E-05
9.1900000  1.7000000E-05
9.2000000  1.8000000E-05
9.2100000  1.9000000E-05
9.2200000  1.4000000E-05
9.2300000  8.0000000E-06
9.2400000  1.2000000E-05
9.2500000  1.8000000E-05
9.2600000  2.0000000E-05
9.2700000  1.3000000E-05
9.2800000  1.7000000E-05
9.2900000  1.6000000E-05
9.3000000  1.4000000E-05
9.3100000  9.0000000E-06
9.3200000  1.2000000E-05
9.3300000  6.0000000E-06
9.3400000  1.2000000E-05
9.3500000  9.0000000E-06
9.3600000  1.1000000E-05
9.3700000  9.0000000E-06
9.3800000  1.1000000E-05
9.3900000  1.4000000E-05
9.4000000  6.0000000E-06
9.4100000  1.5000000E-05
9.4200000  1.3000000E-05
9.4300000  7.0000000E-06
9.4400000  1.1000000E-05
9.4500000  8.0000000E-06
9.4600000  1.3000000E-05
9.4700000  5.0000000E-06
9.4800000  1.3000000E-05
9.4900000  1.0000000E-05
9.5000000  8.0000000E-06
9.5100000  5.0000000E-06
9.5200000  1.2000000E-05
9.5300000  1.2000000E-05
9.5400000  9.0000000E-06
9.5500000  1.1000000E-05
9.5600000  6.0000000E-06
9.5700000  9.0000000E-06
9.5800000  9.0000000E-06
9.5900000  1.4000000E-05
9.6000000  1.2000000E-05
9.6100000  1.6000000E-05
9.6200000  6.0000000E-06
9.6300000  6.0000000E-06
9.6400000  9.0000000E-06
9.6500000  1.0000000E-05
9.6600000  1.0000000E-05
9.6700000  9.0000000E-06
9.6800000  1.4000000E-05
9.6900000  9.0000000E-06
9.7000000  9.0000000E-06
9.7100000  8.0000000E-06
9.7200000  7.0000000E-06
9.7300000  5.0000000E-06
9.7400000  6.0000000E-06
9.7500000  1.2000000E-05
9.7600000  9.0000000E-06
9.7700000  9.0000000E-06
9.7800000  6.0000000E-06
9.7900000  6.0000000E-06
9.8000000  7.0000000E-06
9.8100000  5.0000000E-06
9.8200000  1.1000000E-05
9.8300000  1.2000000E-05
9.8400000  3.0000000E-06
9.8500000  9.0000000E-06
9.8600000  8.0000000E-06
9.8700000  6.0000000E-06
9.8800000  7.0000000E-06
9.8900000  1.0000000E-05
9.9000000  6.0000000E-06
9.9100000  8.0000000E-06
9.9200000  5.0000000E-06
9.9300000  6.0000000E-06
9.9400000  9.0000000E-06
9.9500000  4.0000000E-06
9.9600000  2.0000000E-06
9.9700000  5.0000000E-06
9.9800000  5.0000000E-06
9.9900000  1.1000000E-05
