X              Y
0.0000000    0.019626000
0.010000000    0.020216000
0.020000000    0.019826000
0.030000000    0.018945000
0.040000000    0.018553000
0.050000000    0.017014000
0.060000000    0.018429000
0.070000000    0.017657000
0.080000000    0.017390000
0.090000000    0.015879000
0.10000000    0.016350000
0.11000000    0.016733000
0.12000000    0.015926000
0.13000000    0.014988000
0.14000000    0.014500000
0.15000000    0.014051000
0.16000000    0.013389000
0.17000000    0.013296000
0.18000000    0.013118000
0.19000000    0.012800000
0.20000000    0.012614000
0.21000000    0.012420000
0.22000000    0.012267000
0.23000000    0.011972000
0.24000000    0.011479000
0.25000000    0.011378000
0.26000000    0.011346000
0.27000000    0.010599000
0.28000000    0.010281000
0.29000000   0.0098070000
0.30000000   0.0099440000
0.31000000   0.0097450000
0.32000000   0.0088760000
0.33000000   0.0086270000
0.34000000   0.0089120000
0.35000000   0.0086980000
0.36000000   0.0091070000
0.37000000   0.0086330000
0.38000000   0.0081840000
0.39000000   0.0074510000
0.40000000   0.0079180000
0.41000000   0.0077790000
0.42000000   0.0074910000
0.43000000   0.0082150000
0.44000000   0.0073840000
0.45000000   0.0071770000
0.46000000   0.0072650000
0.47000000   0.0067120000
0.48000000   0.0062350000
0.49000000   0.0060560000
0.50000000   0.0063140000
0.51000000   0.0061730000
0.52000000   0.0066450000
0.53000000   0.0059430000
0.54000000   0.0059300000
0.55000000   0.0060080000
0.56000000   0.0058240000
0.57000000   0.0053420000
0.58000000   0.0052590000
0.59000000   0.0053840000
0.60000000   0.0056410000
0.61000000   0.0044080000
0.62000000   0.0045820000
0.63000000   0.0052400000
0.64000000   0.0044400000
0.65000000   0.0042800000
0.66000000   0.0045260000
0.67000000   0.0040390000
0.68000000   0.0042630000
0.69000000   0.0044370000
0.70000000   0.0040490000
0.71000000   0.0034700000
0.72000000   0.0034120000
0.73000000   0.0037220000
0.74000000   0.0038420000
0.75000000   0.0033600000
0.76000000   0.0035830000
0.77000000   0.0033830000
0.78000000   0.0030800000
0.79000000   0.0031140000
0.80000000   0.0032570000
0.81000000   0.0030150000
0.82000000   0.0030510000
0.83000000   0.0027150000
0.84000000   0.0027790000
0.85000000   0.0027950000
0.86000000   0.0029170000
0.87000000   0.0026470000
0.88000000   0.0026920000
0.89000000   0.0026330000
0.90000000   0.0024070000
0.91000000   0.0028080000
0.92000000   0.0025280000
0.93000000   0.0020410000
0.94000000   0.0020350000
0.95000000   0.0023240000
0.96000000   0.0020810000
0.97000000   0.0021100000
0.98000000   0.0019020000
0.99000000   0.0019290000
1.0000000   0.0029120000
1.0100000   0.0019080000
1.0200000   0.0020280000
1.0300000   0.0026270000
1.0400000   0.0018430000
1.0500000   0.0016230000
1.0600000   0.0017100000
1.0700000   0.0016830000
1.0800000   0.0017000000
1.0900000   0.0026920000
1.1000000   0.0015140000
1.1100000   0.0015210000
1.1200000   0.0015130000
1.1300000   0.0015420000
1.1400000   0.0013880000
1.1500000   0.0015450000
1.1600000   0.0016220000
1.1700000   0.0014500000
1.1800000   0.0014880000
1.1900000   0.0014860000
1.2000000   0.0013400000
1.2100000   0.0012830000
1.2200000   0.0014180000
1.2300000   0.0011950000
1.2400000   0.0012670000
1.2500000   0.0014110000
1.2600000   0.0010860000
1.2700000   0.0013200000
1.2800000   0.0013800000
1.2900000   0.0011030000
1.3000000   0.0012980000
1.3100000   0.0012510000
1.3200000   0.0010660000
1.3300000   0.0013970000
1.3400000   0.0011500000
1.3500000   0.0011340000
1.3600000   0.0011630000
1.3700000  0.00099300000
1.3800000  0.00098700000
1.3900000   0.0010120000
1.4000000   0.0010910000
1.4100000  0.00087200000
1.4200000  0.00088100000
1.4300000   0.0010020000
1.4400000  0.00093300000
1.4500000  0.00084200000
1.4600000  0.00086400000
1.4700000   0.0019880000
1.4800000  0.00096800000
1.4900000   0.0010190000
1.5000000  0.00077700000
1.5100000  0.00093100000
1.5200000  0.00082800000
1.5300000  0.00078800000
1.5400000  0.00094900000
1.5500000  0.00079900000
1.5600000  0.00088200000
1.5700000  0.00076400000
1.5800000   0.0016420000
1.5900000  0.00075300000
1.6000000  0.00078900000
1.6100000  0.00064700000
1.6200000  0.00078600000
1.6300000  0.00053100000
1.6400000  0.00099200000
1.6500000  0.00088400000
1.6600000  0.00076300000
1.6700000  0.00096500000
1.6800000  0.00080600000
1.6900000  0.00074300000
1.7000000  0.00063100000
1.7100000  0.00070700000
1.7200000  0.00070500000
1.7300000  0.00056000000
1.7400000  0.00053500000
1.7500000  0.00090200000
1.7600000  0.00072800000
1.7700000  0.00079500000
1.7800000  0.00061300000
1.7900000  0.00062000000
1.8000000  0.00049200000
1.8100000  0.00069200000
1.8200000  0.00054300000
1.8300000  0.00064800000
1.8400000   0.0012960000
1.8500000  0.00067000000
1.8600000  0.00057100000
1.8700000  0.00088600000
1.8800000  0.00054800000
1.8900000  0.00046300000
1.9000000  0.00044400000
1.9100000  0.00051800000
1.9200000  0.00064000000
1.9300000  0.00046300000
1.9400000  0.00039200000
1.9500000  0.00063900000
1.9600000  0.00046300000
1.9700000  0.00051200000
1.9800000  0.00054000000
1.9900000  0.00039600000
2.0000000  0.00041100000
2.0100000  0.00040200000
2.0200000  0.00039800000
2.0300000  0.00040700000
2.0400000  0.00036600000
2.0500000  0.00048200000
2.0600000  0.00044400000
2.0700000  0.00044600000
2.0800000  0.00037900000
2.0900000  0.00051300000
2.1000000  0.00049700000
2.1100000  0.00042000000
2.1200000  0.00037300000
2.1300000  0.00045300000
2.1400000  0.00057500000
2.1500000  0.00056800000
2.1600000  0.00040400000
2.1700000  0.00035700000
2.1800000  0.00033800000
2.1900000  0.00043000000
2.2000000  0.00049400000
2.2100000   0.0010760000
2.2200000  0.00041000000
2.2300000  0.00040300000
2.2400000  0.00040300000
2.2500000  0.00047900000
2.2600000  0.00046000000
2.2700000  0.00052500000
2.2800000  0.00055000000
2.2900000  0.00038200000
2.3000000  0.00042200000
2.3100000  0.00053400000
2.3200000  0.00037700000
2.3300000  0.00027600000
2.3400000  0.00042400000
2.3500000  0.00062900000
2.3600000  0.00037600000
2.3700000  0.00055200000
2.3800000  0.00047000000
2.3900000  0.00028400000
2.4000000  0.00023400000
2.4100000  0.00015900000
2.4200000  0.00043900000
2.4300000  0.00037700000
2.4400000  0.00044100000
2.4500000  0.00020200000
2.4600000  0.00028600000
2.4700000  0.00025500000
2.4800000  0.00044900000
2.4900000  0.00045700000
2.5000000  0.00014800000
2.5100000  0.00030400000
2.5200000  0.00051500000
2.5300000  0.00028900000
2.5400000  0.00039000000
2.5500000  0.00041300000
2.5600000  0.00018200000
2.5700000  0.00050400000
2.5800000  0.00031200000
2.5900000  0.00029600000
2.6000000  0.00028800000
2.6100000  0.00040800000
2.6200000  0.00026900000
2.6300000  0.00037400000
2.6400000  0.00049400000
2.6500000  0.00011900000
2.6600000  0.00018500000
2.6700000  0.00057000000
2.6800000  0.00078300000
2.6900000  0.00019000000
2.7000000  0.00026600000
2.7100000  0.00021000000
2.7200000  0.00016400000
2.7300000  9.3000000E-05
2.7400000  0.00015500000
2.7500000  0.00017400000
2.7600000  0.00039700000
2.7700000  0.00027900000
2.7800000  0.00030600000
2.7900000  0.00031600000
2.8000000  0.00017800000
2.8100000  0.00022200000
2.8200000  0.00014600000
2.8300000  0.00018600000
2.8400000  0.00017900000
2.8500000  0.00018900000
2.8600000  0.00013300000
2.8700000  0.00011400000
2.8800000  0.00025300000
2.8900000  0.00014700000
2.9000000  0.00029800000
2.9100000  0.00033200000
2.9200000  0.00026400000
2.9300000  0.00029400000
2.9400000  0.00013800000
2.9500000  0.00025900000
2.9600000  0.00016100000
2.9700000  0.00026800000
2.9800000  0.00032900000
2.9900000  0.00023000000
3.0000000  0.00028500000
3.0100000  0.00014300000
3.0200000  0.00020200000
3.0300000  0.00042100000
3.0400000  0.00022700000
3.0500000  0.00025200000
3.0600000  0.00013300000
3.0700000   0.0011640000
3.0800000  0.00012500000
3.0900000  0.00019200000
3.1000000  9.6000000E-05
3.1100000  0.00014000000
3.1200000  0.00015400000
3.1300000  0.00025600000
3.1400000  9.8000000E-05
3.1500000  0.00020200000
3.1600000  0.00033500000
3.1700000  0.00013000000
3.1800000  0.00021600000
3.1900000  8.7000000E-05
3.2000000  0.00017700000
3.2100000  0.00024600000
3.2200000  0.00018500000
3.2300000  0.00020900000
3.2400000  0.00048400000
3.2500000  9.6000000E-05
3.2600000  0.00026200000
3.2700000  0.00026700000
3.2800000  0.00026400000
3.2900000  0.00021600000
3.3000000  0.00012400000
3.3100000  0.00010300000
3.3200000  0.00017000000
3.3300000  8.7000000E-05
3.3400000  0.00012500000
3.3500000  0.00018000000
3.3600000  0.00031700000
3.3700000  0.00011500000
3.3800000  0.00014100000
3.3900000  0.00017300000
3.4000000  0.00025900000
3.4100000  0.00023200000
3.4200000  0.00010500000
3.4300000  3.0000000E-05
3.4400000  9.8000000E-05
3.4500000  8.0000000E-05
3.4600000  8.7000000E-05
3.4700000  3.9000000E-05
3.4800000  0.00011500000
3.4900000  5.4000000E-05
3.5000000  0.00066800000
3.5100000  0.00023400000
3.5200000  0.00013500000
3.5300000  7.9000000E-05
3.5400000  0.00027200000
3.5500000  4.3000000E-05
3.5600000  0.00019800000
3.5700000  0.00028500000
3.5800000  0.00044800000
3.5900000  0.00020200000
3.6000000  0.00021500000
3.6100000  0.00010500000
3.6200000  3.4000000E-05
3.6300000  4.8000000E-05
3.6400000  0.00015700000
3.6500000  0.00037100000
3.6600000  0.00019600000
3.6700000  0.00034800000
3.6800000  0.00015300000
3.6900000  0.00010200000
3.7000000  4.5000000E-05
3.7100000  0.00017400000
3.7200000  3.5000000E-05
3.7300000  0.00012200000
3.7400000  0.00016700000
3.7500000  0.00016600000
3.7600000  0.00018600000
3.7700000   0.0012620000
3.7800000  0.00034300000
3.7900000  9.8000000E-05
3.8000000  0.00018300000
3.8100000  0.00025400000
3.8200000  0.00016600000
3.8300000  2.3000000E-05
3.8400000  9.6000000E-05
3.8500000  0.00024200000
3.8600000  0.00017100000
3.8700000  7.6000000E-05
3.8800000  5.3000000E-05
3.8900000  5.5000000E-05
3.9000000  0.00010600000
3.9100000  0.00010500000
3.9200000  0.00038000000
3.9300000  2.1000000E-05
3.9400000  8.3000000E-05
3.9500000  9.1000000E-05
3.9600000  0.00018400000
3.9700000  0.00017800000
3.9800000  0.00058000000
3.9900000  0.00018400000
4.0000000  5.7000000E-05
4.0100000  3.5000000E-05
4.0200000  3.2000000E-05
4.0300000  0.00018900000
4.0400000  0.00011500000
4.0500000  7.0000000E-05
4.0600000  4.5000000E-05
4.0700000  3.5000000E-05
4.0800000  1.5000000E-05
4.0900000  0.00010000000
4.1000000  0.00014700000
4.1100000  0.00095100000
4.1200000  8.9000000E-05
4.1300000  0.00010500000
4.1400000  2.4000000E-05
4.1500000  1.4000000E-05
4.1600000  0.00018000000
4.1700000  0.00024200000
4.1800000  9.3000000E-05
4.1900000  0.00013500000
4.2000000  4.6000000E-05
4.2100000  1.4000000E-05
4.2200000  0.00014100000
4.2300000  1.4000000E-05
4.2400000  7.3000000E-05
4.2500000  0.00023000000
4.2600000  4.1000000E-05
4.2700000  0.00014700000
4.2800000  0.00013600000
4.2900000  0.00016900000
4.3000000  3.1000000E-05
4.3100000  0.00010300000
4.3200000  2.6000000E-05
4.3300000  0.00018000000
4.3400000  3.2000000E-05
4.3500000  0.00052000000
4.3600000  5.0000000E-06
4.3700000  0.00027300000
4.3800000  0.00034800000
4.3900000  1.1000000E-05
4.4000000  1.5000000E-05
4.4100000  6.5000000E-05
4.4200000  6.2000000E-05
4.4300000  0.00015200000
4.4400000  5.6000000E-05
4.4500000  8.8000000E-05
4.4600000  0.00013900000
4.4700000  3.6000000E-05
4.4800000  6.3000000E-05
4.4900000  0.00013500000
4.5000000  9.0000000E-06
4.5100000  0.00040600000
4.5200000  0.00016000000
4.5300000  0.00013400000
4.5400000  2.8000000E-05
4.5500000  0.00019300000
4.5600000  7.3000000E-05
4.5700000  3.5000000E-05
4.5800000  0.00047600000
4.5900000  4.6000000E-05
4.6000000  0.00013700000
4.6100000  0.00047100000
4.6200000  0.00019700000
4.6300000  0.00017800000
4.6400000  0.00091700000
4.6500000  0.00014100000
4.6600000  1.5000000E-05
4.6700000  0.00029200000
4.6800000  1.3000000E-05
4.6900000  0.00021000000
4.7000000  7.1000000E-05
4.7100000  0.00018800000
4.7200000  0.00036400000
4.7300000  2.5000000E-05
4.7400000  0.00041900000
4.7500000  0.00019600000
4.7600000  9.0000000E-06
4.7700000  1.9000000E-05
4.7800000  1.0000000E-05
4.7900000  8.0000000E-05
4.8000000  4.3000000E-05
4.8100000  2.0000000E-05
4.8200000  1.0000000E-05
4.8300000  4.0000000E-06
4.8400000  8.7000000E-05
4.8500000  6.0000000E-06
4.8600000  1.5000000E-05
4.8700000  1.0000000E-05
4.8800000  1.7000000E-05
4.8900000  8.3000000E-05
4.9000000  0.00068400000
4.9100000  0.00020000000
4.9200000  2.8000000E-05
4.9300000  7.7000000E-05
4.9400000  0.00013600000
4.9500000  3.5000000E-05
4.9600000  2.1000000E-05
4.9700000  5.7000000E-05
4.9800000  0.00044200000
4.9900000  0.00023800000
5.0000000  0.00022900000
5.0100000  0.00027200000
5.0200000  3.6000000E-05
5.0300000  5.3000000E-05
5.0400000  1.4000000E-05
5.0500000  5.3000000E-05
5.0600000  0.00085000000
5.0700000  0.00050200000
5.0800000  0.00025400000
5.0900000  2.1000000E-05
5.1000000  2.5000000E-05
5.1100000  4.0000000E-06
5.1200000  2.7000000E-05
5.1300000  2.0000000E-06
5.1400000  5.2000000E-05
5.1500000  0.00010000000
5.1600000  8.0000000E-06
5.1700000  3.0000000E-05
5.1800000  1.1000000E-05
5.1900000  2.1000000E-05
5.2000000  3.8000000E-05
5.2100000  1.1000000E-05
5.2200000  6.0000000E-06
5.2300000  7.7000000E-05
5.2400000  0.00025700000
5.2500000  9.0000000E-06
5.2600000  3.8000000E-05
5.2700000  1.5000000E-05
5.2800000  6.0000000E-06
5.2900000  5.0000000E-06
5.3000000  8.3000000E-05
5.3100000  0.00046500000
5.3200000  0.00018600000
5.3300000  1.2000000E-05
5.3400000  8.0000000E-06
5.3500000  4.0000000E-06
5.3600000  1.5000000E-05
5.3700000  0.00030000000
5.3800000  1.2000000E-05
5.3900000  0.00014700000
5.4000000  0.00074700000
5.4100000  1.7000000E-05
5.4200000  0.00010100000
5.4300000  1.0000000E-06
5.4400000  0.00019100000
5.4500000  4.0000000E-06
5.4600000  0.00016400000
5.4700000  1.0000000E-06
5.4800000  9.0000000E-06
5.4900000  2.0000000E-06
5.5000000  2.3000000E-05
5.5100000  0.00094200000
5.5200000  5.3000000E-05
5.5300000  8.8000000E-05
5.5400000  0.00029200000
5.5500000  4.0000000E-06
5.5600000  3.8000000E-05
5.5700000  0.00036600000
5.5800000  6.0000000E-06
5.5900000  7.0000000E-06
5.6000000  3.8000000E-05
5.6100000  3.5000000E-05
5.6200000  0.00096600000
5.6300000  9.0000000E-06
5.6400000  0.00011400000
5.6500000  4.4000000E-05
5.6600000  2.0000000E-05
5.6700000  4.0000000E-06
5.6800000  0.00019700000
5.6900000  0.00046200000
5.7000000  0.00083900000
5.7100000  9.0000000E-06
5.7200000  2.0000000E-06
5.7300000  3.5000000E-05
5.7400000  2.0000000E-05
5.7500000  0.00077900000
5.7600000  1.0000000E-06
5.7700000  1.0000000E-06
5.7800000  7.0000000E-06
5.7900000  8.5000000E-05
5.8000000  2.0000000E-06
5.8100000  0.00013100000
5.8200000  2.0000000E-06
5.8300000  7.9000000E-05
5.8400000  7.0000000E-06
5.8500000  4.0000000E-06
5.8600000  0.00023700000
5.8700000  0.00018700000
5.8800000  9.2000000E-05
5.8900000  9.0000000E-06
5.9000000   0.0011190000
5.9100000  0.00020500000
5.9200000  0.00011600000
5.9300000  7.0000000E-05
5.9400000  7.0000000E-06
5.9500000      0.0000000
5.9600000  2.5000000E-05
5.9700000  0.00014800000
5.9800000  3.1000000E-05
5.9900000  0.00011700000
6.0000000  4.0000000E-06
6.0100000  4.5000000E-05
6.0200000  1.0000000E-06
6.0300000  3.5000000E-05
6.0400000  3.0000000E-06
6.0500000  3.0000000E-06
6.0600000  5.0000000E-06
6.0700000  1.7000000E-05
6.0800000  5.0000000E-06
6.0900000  0.00052800000
6.1000000  1.0000000E-06
6.1100000  1.0000000E-06
6.1200000  0.00012000000
6.1300000  3.0000000E-06
6.1400000  3.5000000E-05
6.1500000  0.00015800000
6.1600000  1.5000000E-05
6.1700000  1.3000000E-05
6.1800000  2.0000000E-06
6.1900000  1.0000000E-06
6.2000000  6.0000000E-06
6.2100000  1.0000000E-06
6.2200000  2.0000000E-06
6.2300000  4.5000000E-05
6.2400000  3.0000000E-06
6.2500000  2.0000000E-06
6.2600000  0.00028500000
6.2700000  4.0000000E-06
6.2800000  4.0000000E-06
6.2900000  5.0000000E-06
6.3000000      0.0000000
6.3100000  2.0000000E-06
6.3200000  4.0000000E-06
6.3300000  0.00034700000
6.3400000  5.0000000E-06
6.3500000  1.0000000E-06
6.3600000  1.0000000E-06
6.3700000  9.6000000E-05
6.3800000  3.0000000E-06
6.3900000  1.9000000E-05
6.4000000  3.3000000E-05
6.4100000  2.0000000E-06
6.4200000  2.0000000E-06
6.4300000  1.0000000E-06
6.4400000  3.0000000E-06
6.4500000  1.3000000E-05
6.4600000  6.0000000E-06
6.4700000  0.00021900000
6.4800000  6.0000000E-06
6.4900000  1.0000000E-06
6.5000000  2.0000000E-06
6.5100000  1.0000000E-06
6.5200000  6.0000000E-06
6.5300000  0.00064700000
6.5400000  4.0000000E-06
6.5500000  1.7000000E-05
6.5600000  1.0000000E-06
6.5700000  1.0000000E-06
6.5800000      0.0000000
6.5900000  0.00068800000
6.6000000  0.00014200000
6.6100000      0.0000000
6.6200000      0.0000000
6.6300000  2.0000000E-05
6.6400000  4.0000000E-05
6.6500000  9.0000000E-06
6.6600000      0.0000000
6.6700000  1.2000000E-05
6.6800000  6.5000000E-05
6.6900000  1.0000000E-06
6.7000000  8.3000000E-05
6.7100000  1.0000000E-06
6.7200000  2.0000000E-06
6.7300000  8.4000000E-05
6.7400000  2.6000000E-05
6.7500000  2.0000000E-06
6.7600000  7.0000000E-06
6.7700000      0.0000000
6.7800000  5.0000000E-06
6.7900000  3.0000000E-06
6.8000000  0.00076200000
6.8100000  1.0000000E-06
6.8200000  3.0000000E-06
6.8300000  0.00026400000
6.8400000  1.2000000E-05
6.8500000  1.9000000E-05
6.8600000  7.0000000E-06
6.8700000  0.00098500000
6.8800000  2.0000000E-06
6.8900000  2.0000000E-06
6.9000000  0.00010000000
6.9100000  1.7000000E-05
6.9200000  1.9000000E-05
6.9300000  0.00013200000
6.9400000  2.7000000E-05
6.9500000      0.0000000
6.9600000      0.0000000
6.9700000  6.0000000E-06
6.9800000  2.0000000E-06
6.9900000  4.0000000E-06
7.0000000      0.0000000
7.0100000  2.0000000E-06
7.0200000  4.0000000E-06
7.0300000  0.00031500000
7.0400000      0.0000000
7.0500000  2.0000000E-06
7.0600000  0.00033400000
7.0700000  6.0000000E-06
7.0800000  2.0000000E-06
7.0900000  0.00010800000
7.1000000  1.0000000E-06
7.1100000      0.0000000
7.1200000  2.0000000E-06
7.1300000  8.5000000E-05
7.1400000  4.0000000E-06
7.1500000  1.0000000E-06
7.1600000  5.1000000E-05
7.1700000  0.00045300000
7.1800000      0.0000000
7.1900000  1.8000000E-05
7.2000000  1.0000000E-06
7.2100000  4.0000000E-06
7.2200000  1.0000000E-06
7.2300000      0.0000000
7.2400000  1.0000000E-06
7.2500000  2.0000000E-06
7.2600000      0.0000000
7.2700000  1.0000000E-06
7.2800000  1.0000000E-06
7.2900000  0.00010200000
7.3000000  1.0000000E-06
7.3100000  1.0000000E-06
7.3200000  1.0000000E-06
7.3300000  0.00061000000
7.3400000  9.0000000E-06
7.3500000      0.0000000
7.3600000  1.0000000E-06
7.3700000  1.9000000E-05
7.3800000      0.0000000
7.3900000  6.0000000E-06
7.4000000  5.0000000E-06
7.4100000  0.00040300000
7.4200000      0.0000000
7.4300000  4.0000000E-06
7.4400000  5.0000000E-06
7.4500000      0.0000000
7.4600000  1.0000000E-06
7.4700000  3.0000000E-06
7.4800000  1.0000000E-06
7.4900000  1.0000000E-06
7.5000000  3.0000000E-06
7.5100000      0.0000000
7.5200000      0.0000000
7.5300000  1.0000000E-06
7.5400000  5.0000000E-06
7.5500000      0.0000000
7.5600000  8.0000000E-06
7.5700000      0.0000000
7.5800000      0.0000000
7.5900000      0.0000000
7.6000000      0.0000000
7.6100000  1.0000000E-06
7.6200000  2.0000000E-06
7.6300000  1.0000000E-06
7.6400000      0.0000000
7.6500000  2.0000000E-06
7.6600000  3.0000000E-06
7.6700000  1.0000000E-06
7.6800000  1.0000000E-06
7.6900000  1.0000000E-06
7.7000000  6.1000000E-05
7.7100000  1.0000000E-06
7.7200000  4.0000000E-06
7.7300000  7.0000000E-06
7.7400000  3.0000000E-06
7.7500000      0.0000000
7.7600000  1.0000000E-06
7.7700000  0.00066200000
7.7800000  6.0000000E-06
7.7900000      0.0000000
7.8000000  2.0000000E-06
7.8100000  1.0000000E-06
7.8200000      0.0000000
7.8300000  2.0000000E-06
7.8400000      0.0000000
7.8500000  1.0000000E-06
7.8600000  6.7000000E-05
7.8700000  1.0000000E-06
7.8800000  2.0000000E-06
7.8900000      0.0000000
7.9000000      0.0000000
7.9100000      0.0000000
7.9200000  1.0000000E-06
7.9300000  0.00055000000
7.9400000  1.0000000E-06
7.9500000  1.0000000E-06
7.9600000  0.00025200000
7.9700000  0.00031100000
7.9800000  3.0000000E-05
7.9900000  2.0000000E-06
8.0000000  1.0000000E-05
8.0100000      0.0000000
8.0200000  0.00011800000
8.0300000  4.0000000E-06
8.0400000      0.0000000
8.0500000  5.0000000E-06
8.0600000      0.0000000
8.0700000  6.0000000E-06
8.0800000      0.0000000
8.0900000      0.0000000
8.1000000  3.0000000E-06
8.1100000      0.0000000
8.1200000      0.0000000
8.1300000  2.0000000E-06
8.1400000  5.0000000E-06
8.1500000  1.0000000E-06
8.1600000      0.0000000
8.1700000      0.0000000
8.1800000  3.0000000E-06
8.1900000      0.0000000
8.2000000  1.0000000E-06
8.2100000  3.0000000E-06
8.2200000  1.2000000E-05
8.2300000  2.0000000E-06
8.2400000  0.00037700000
8.2500000      0.0000000
8.2600000      0.0000000
8.2700000  6.8000000E-05
8.2800000      0.0000000
8.2900000  6.0000000E-06
8.3000000  2.0000000E-06
8.3100000  5.0000000E-06
8.3200000  4.0000000E-06
8.3300000  1.0000000E-06
8.3400000  2.0000000E-06
8.3500000      0.0000000
8.3600000      0.0000000
8.3700000  0.00066500000
8.3800000      0.0000000
8.3900000  1.0000000E-06
8.4000000      0.0000000
8.4100000      0.0000000
8.4200000      0.0000000
8.4300000  1.0000000E-06
8.4400000  4.0000000E-06
8.4500000  1.0000000E-06
8.4600000      0.0000000
8.4700000  1.0000000E-06
8.4800000  1.0000000E-06
8.4900000  6.0000000E-06
8.5000000      0.0000000
8.5100000      0.0000000
8.5200000      0.0000000
8.5300000      0.0000000
8.5400000      0.0000000
8.5500000  0.00058400000
8.5600000      0.0000000
8.5700000      0.0000000
8.5800000  1.0000000E-06
8.5900000      0.0000000
8.6000000      0.0000000
8.6100000      0.0000000
8.6200000      0.0000000
8.6300000      0.0000000
8.6400000  3.0000000E-06
8.6500000      0.0000000
8.6600000      0.0000000
8.6700000      0.0000000
8.6800000  1.0000000E-06
8.6900000  2.0000000E-06
8.7000000  9.4000000E-05
8.7100000      0.0000000
8.7200000      0.0000000
8.7300000      0.0000000
8.7400000  1.0000000E-06
8.7500000      0.0000000
8.7600000  2.0000000E-06
8.7700000  3.3000000E-05
8.7800000  0.00098000000
8.7900000      0.0000000
8.8000000      0.0000000
8.8100000      0.0000000
8.8200000  6.6000000E-05
8.8300000      0.0000000
8.8400000  1.1000000E-05
8.8500000  0.00019900000
8.8600000  5.7000000E-05
8.8700000      0.0000000
8.8800000      0.0000000
8.8900000  6.1000000E-05
8.9000000      0.0000000
8.9100000      0.0000000
8.9200000      0.0000000
8.9300000      0.0000000
8.9400000      0.0000000
8.9500000  2.4000000E-05
8.9600000  1.0000000E-06
8.9700000      0.0000000
8.9800000  1.0000000E-06
8.9900000      0.0000000
9.0000000      0.0000000
9.0100000  2.0000000E-06
9.0200000      0.0000000
9.0300000      0.0000000
9.0400000  1.0000000E-06
9.0500000      0.0000000
9.0600000      0.0000000
9.0700000  1.0000000E-06
9.0800000      0.0000000
9.0900000  4.0000000E-06
9.1000000      0.0000000
9.1100000  4.0000000E-06
9.1200000      0.0000000
9.1300000      0.0000000
9.1400000      0.0000000
9.1500000      0.0000000
9.1600000      0.0000000
9.1700000      0.0000000
9.1800000      0.0000000
9.1900000  3.0000000E-06
9.2000000  0.00099600000
9.2100000      0.0000000
9.2200000      0.0000000
9.2300000      0.0000000
9.2400000  1.0000000E-06
9.2500000      0.0000000
9.2600000      0.0000000
9.2700000      0.0000000
9.2800000  1.0000000E-06
9.2900000      0.0000000
9.3000000  6.0000000E-06
9.3100000      0.0000000
9.3200000      0.0000000
9.3300000  2.4000000E-05
9.3400000      0.0000000
9.3500000      0.0000000
9.3600000      0.0000000
9.3700000      0.0000000
9.3800000      0.0000000
9.3900000  1.9000000E-05
9.4000000      0.0000000
9.4100000      0.0000000
9.4200000      0.0000000
9.4300000      0.0000000
9.4400000      0.0000000
9.4500000  5.0000000E-06
9.4600000  1.0000000E-06
9.4700000      0.0000000
9.4800000  0.00084400000
9.4900000  1.0000000E-06
9.5000000      0.0000000
9.5100000      0.0000000
9.5200000      0.0000000
9.5300000  1.0000000E-06
9.5400000      0.0000000
9.5500000  0.00086700000
9.5600000      0.0000000
9.5700000  1.0000000E-06
9.5800000  1.0000000E-06
9.5900000      0.0000000
9.6000000  1.0000000E-06
9.6100000      0.0000000
9.6200000      0.0000000
9.6300000      0.0000000
9.6400000      0.0000000
9.6500000      0.0000000
9.6600000  3.0000000E-06
9.6700000      0.0000000
9.6800000  1.0000000E-06
9.6900000      0.0000000
9.7000000  5.2000000E-05
9.7100000      0.0000000
9.7200000      0.0000000
9.7300000      0.0000000
9.7400000      0.0000000
9.7500000  1.0000000E-06
9.7600000      0.0000000
9.7700000  0.00025600000
9.7800000      0.0000000
9.7900000      0.0000000
9.8000000  1.0000000E-06
9.8100000      0.0000000
9.8200000      0.0000000
9.8300000      0.0000000
9.8400000      0.0000000
9.8500000      0.0000000
9.8600000      0.0000000
9.8700000  0.00023800000
9.8800000  2.0000000E-06
9.8900000  1.0000000E-06
9.9000000  2.0000000E-06
9.9100000      0.0000000
9.9200000  2.0000000E-06
9.9300000      0.0000000
9.9400000  1.0000000E-06
9.9500000      0.0000000
9.9600000      0.0000000
9.9700000      0.0000000
9.9800000      0.0000000
9.9900000      0.0000000
