X              Y
0.0000000    0.015092000
0.010000000    0.014784000
0.020000000    0.014640000
0.030000000    0.014736000
0.040000000    0.014280000
0.050000000    0.013936000
0.060000000    0.013056000
0.070000000    0.013648000
0.080000000    0.013212000
0.090000000    0.013368000
0.10000000    0.012292000
0.11000000    0.012336000
0.12000000    0.012448000
0.13000000    0.012252000
0.14000000    0.011580000
0.15000000    0.011668000
0.16000000    0.011728000
0.17000000    0.011032000
0.18000000    0.011072000
0.19000000    0.010912000
0.20000000    0.010456000
0.21000000    0.010404000
0.22000000    0.010084000
0.23000000   0.0097960000
0.24000000    0.010144000
0.25000000   0.0097120000
0.26000000   0.0094840000
0.27000000   0.0092720000
0.28000000   0.0090720000
0.29000000   0.0090800000
0.30000000   0.0090560000
0.31000000   0.0089040000
0.32000000   0.0087040000
0.33000000   0.0083920000
0.34000000   0.0081280000
0.35000000   0.0082760000
0.36000000   0.0078120000
0.37000000   0.0078960000
0.38000000   0.0074000000
0.39000000   0.0078200000
0.40000000   0.0074560000
0.41000000   0.0070200000
0.42000000   0.0073080000
0.43000000   0.0070080000
0.44000000   0.0069760000
0.45000000   0.0066520000
0.46000000   0.0069000000
0.47000000   0.0065880000
0.48000000   0.0061920000
0.49000000   0.0065000000
0.50000000   0.0060640000
0.51000000   0.0060960000
0.52000000   0.0059040000
0.53000000   0.0058320000
0.54000000   0.0058440000
0.55000000   0.0057720000
0.56000000   0.0054600000
0.57000000   0.0054360000
0.58000000   0.0053240000
0.59000000   0.0050920000
0.60000000   0.0050800000
0.61000000   0.0050200000
0.62000000   0.0048920000
0.63000000   0.0048560000
0.64000000   0.0048280000
0.65000000   0.0046400000
0.66000000   0.0049160000
0.67000000   0.0046640000
0.68000000   0.0045600000
0.69000000   0.0043280000
0.70000000   0.0043040000
0.71000000   0.0042520000
0.72000000   0.0042240000
0.73000000   0.0040160000
0.74000000   0.0042160000
0.75000000   0.0040320000
0.76000000   0.0039960000
0.77000000   0.0039920000
0.78000000   0.0040240000
0.79000000   0.0037360000
0.80000000   0.0035920000
0.81000000   0.0036720000
0.82000000   0.0036160000
0.83000000   0.0036320000
0.84000000   0.0033920000
0.85000000   0.0031960000
0.86000000   0.0034400000
0.87000000   0.0032720000
0.88000000   0.0032000000
0.89000000   0.0030760000
0.90000000   0.0031520000
0.91000000   0.0030320000
0.92000000   0.0029760000
0.93000000   0.0032640000
0.94000000   0.0029280000
0.95000000   0.0027920000
0.96000000   0.0028360000
0.97000000   0.0026520000
0.98000000   0.0027080000
0.99000000   0.0026960000
1.0000000   0.0027160000
1.0100000   0.0024680000
1.0200000   0.0027200000
1.0300000   0.0025080000
1.0400000   0.0023800000
1.0500000   0.0025960000
1.0600000   0.0023520000
1.0700000   0.0023880000
1.0800000   0.0022840000
1.0900000   0.0023760000
1.1000000   0.0024720000
1.1100000   0.0021680000
1.1200000   0.0021360000
1.1300000   0.0022200000
1.1400000   0.0020760000
1.1500000   0.0020720000
1.1600000   0.0019720000
1.1700000   0.0020320000
1.1800000   0.0019560000
1.1900000   0.0020760000
1.2000000   0.0019000000
1.2100000   0.0020560000
1.2200000   0.0019200000
1.2300000   0.0018680000
1.2400000   0.0019760000
1.2500000   0.0018920000
1.2600000   0.0017520000
1.2700000   0.0016480000
1.2800000   0.0015880000
1.2900000   0.0017360000
1.3000000   0.0018160000
1.3100000   0.0016480000
1.3200000   0.0016960000
1.3300000   0.0016760000
1.3400000   0.0016840000
1.3500000   0.0016680000
1.3600000   0.0015960000
1.3700000   0.0014920000
1.3800000   0.0014640000
1.3900000   0.0016600000
1.4000000   0.0014920000
1.4100000   0.0015080000
1.4200000   0.0014960000
1.4300000   0.0012920000
1.4400000   0.0014200000
1.4500000   0.0015280000
1.4600000   0.0014040000
1.4700000   0.0013160000
1.4800000   0.0014040000
1.4900000   0.0014040000
1.5000000   0.0013400000
1.5100000   0.0014480000
1.5200000   0.0014280000
1.5300000   0.0012360000
1.5400000   0.0013240000
1.5500000   0.0013240000
1.5600000   0.0013800000
1.5700000   0.0013840000
1.5800000   0.0011680000
1.5900000   0.0012360000
1.6000000   0.0012080000
1.6100000   0.0012920000
1.6200000   0.0010800000
1.6300000   0.0012640000
1.6400000   0.0011760000
1.6500000   0.0011720000
1.6600000   0.0011960000
1.6700000   0.0012000000
1.6800000   0.0011880000
1.6900000   0.0010360000
1.7000000   0.0012000000
1.7100000   0.0011280000
1.7200000   0.0010480000
1.7300000   0.0011280000
1.7400000   0.0011080000
1.7500000   0.0010560000
1.7600000   0.0010920000
1.7700000   0.0011120000
1.7800000   0.0010120000
1.7900000  0.00090400000
1.8000000   0.0010120000
1.8100000   0.0010400000
1.8200000   0.0010560000
1.8300000  0.00089600000
1.8400000  0.00096800000
1.8500000   0.0010120000
1.8600000   0.0010040000
1.8700000   0.0010600000
1.8800000  0.00099600000
1.8900000  0.00093600000
1.9000000  0.00091600000
1.9100000  0.00096000000
1.9200000  0.00088800000
1.9300000  0.00093200000
1.9400000  0.00085200000
1.9500000  0.00096400000
1.9600000  0.00090800000
1.9700000  0.00096800000
1.9800000  0.00087200000
1.9900000  0.00092000000
2.0000000  0.00092400000
2.0100000  0.00094400000
2.0200000  0.00080400000
2.0300000  0.00081600000
2.0400000  0.00083200000
2.0500000  0.00080400000
2.0600000  0.00083600000
2.0700000  0.00085200000
2.0800000  0.00078800000
2.0900000  0.00084000000
2.1000000  0.00073200000
2.1100000  0.00077600000
2.1200000  0.00074400000
2.1300000  0.00073600000
2.1400000  0.00081600000
2.1500000  0.00076400000
2.1600000  0.00079600000
2.1700000  0.00072400000
2.1800000  0.00069200000
2.1900000  0.00079200000
2.2000000  0.00069200000
2.2100000  0.00080400000
2.2200000  0.00071200000
2.2300000  0.00071600000
2.2400000  0.00070400000
2.2500000  0.00068800000
2.2600000  0.00072000000
2.2700000  0.00068000000
2.2800000  0.00066400000
2.2900000  0.00070000000
2.3000000  0.00074000000
2.3100000  0.00067600000
2.3200000  0.00069200000
2.3300000  0.00068400000
2.3400000  0.00062400000
2.3500000  0.00060800000
2.3600000  0.00063200000
2.3700000  0.00064000000
2.3800000  0.00055200000
2.3900000  0.00059600000
2.4000000  0.00064000000
2.4100000  0.00066400000
2.4200000  0.00058000000
2.4300000  0.00057600000
2.4400000  0.00063600000
2.4500000  0.00058400000
2.4600000  0.00063200000
2.4700000  0.00058000000
2.4800000  0.00057200000
2.4900000  0.00069600000
2.5000000  0.00058800000
2.5100000  0.00061200000
2.5200000  0.00050400000
2.5300000  0.00057600000
2.5400000  0.00056000000
2.5500000  0.00066800000
2.5600000  0.00061600000
2.5700000  0.00059600000
2.5800000  0.00057200000
2.5900000  0.00052000000
2.6000000  0.00054800000
2.6100000  0.00054800000
2.6200000  0.00052400000
2.6300000  0.00055200000
2.6400000  0.00057600000
2.6500000  0.00042000000
2.6600000  0.00065200000
2.6700000  0.00050000000
2.6800000  0.00060000000
2.6900000  0.00050000000
2.7000000  0.00048800000
2.7100000  0.00047600000
2.7200000  0.00052400000
2.7300000  0.00055200000
2.7400000  0.00049200000
2.7500000  0.00048000000
2.7600000  0.00055200000
2.7700000  0.00049600000
2.7800000  0.00046800000
2.7900000  0.00048000000
2.8000000  0.00053600000
2.8100000  0.00044800000
2.8200000  0.00038400000
2.8300000  0.00046800000
2.8400000  0.00043600000
2.8500000  0.00046800000
2.8600000  0.00049200000
2.8700000  0.00046000000
2.8800000  0.00045600000
2.8900000  0.00044400000
2.9000000  0.00044000000
2.9100000  0.00045600000
2.9200000  0.00038400000
2.9300000  0.00043600000
2.9400000  0.00034800000
2.9500000  0.00042000000
2.9600000  0.00040000000
2.9700000  0.00044800000
2.9800000  0.00037600000
2.9900000  0.00038000000
3.0000000  0.00048000000
3.0100000  0.00042800000
3.0200000  0.00040000000
3.0300000  0.00046800000
3.0400000  0.00036400000
3.0500000  0.00036400000
3.0600000  0.00040800000
3.0700000  0.00038400000
3.0800000  0.00047200000
3.0900000  0.00038000000
3.1000000  0.00038400000
3.1100000  0.00039600000
3.1200000  0.00048400000
3.1300000  0.00042000000
3.1400000  0.00034800000
3.1500000  0.00032000000
3.1600000  0.00038000000
3.1700000  0.00035600000
3.1800000  0.00030400000
3.1900000  0.00041600000
3.2000000  0.00038400000
3.2100000  0.00039200000
3.2200000  0.00036800000
3.2300000  0.00036400000
3.2400000  0.00040800000
3.2500000  0.00034400000
3.2600000  0.00040800000
3.2700000  0.00038400000
3.2800000  0.00033600000
3.2900000  0.00037600000
3.3000000  0.00033200000
3.3100000  0.00037600000
3.3200000  0.00040400000
3.3300000  0.00036000000
3.3400000  0.00032400000
3.3500000  0.00036000000
3.3600000  0.00030000000
3.3700000  0.00032000000
3.3800000  0.00031200000
3.3900000  0.00026800000
3.4000000  0.00029200000
3.4100000  0.00032000000
3.4200000  0.00026400000
3.4300000  0.00034800000
3.4400000  0.00024400000
3.4500000  0.00037600000
3.4600000  0.00031600000
3.4700000  0.00032000000
3.4800000  0.00026800000
3.4900000  0.00029600000
3.5000000  0.00032000000
3.5100000  0.00029600000
3.5200000  0.00033200000
3.5300000  0.00034000000
3.5400000  0.00026400000
3.5500000  0.00025600000
3.5600000  0.00030000000
3.5700000  0.00035600000
3.5800000  0.00033200000
3.5900000  0.00034000000
3.6000000  0.00028800000
3.6100000  0.00035200000
3.6200000  0.00025200000
3.6300000  0.00029200000
3.6400000  0.00029200000
3.6500000  0.00028400000
3.6600000  0.00026000000
3.6700000  0.00029600000
3.6800000  0.00023200000
3.6900000  0.00026800000
3.7000000  0.00027600000
3.7100000  0.00030000000
3.7200000  0.00032400000
3.7300000  0.00026000000
3.7400000  0.00026400000
3.7500000  0.00023200000
3.7600000  0.00030400000
3.7700000  0.00023200000
3.7800000  0.00026800000
3.7900000  0.00029200000
3.8000000  0.00024400000
3.8100000  0.00022400000
3.8200000  0.00025600000
3.8300000  0.00026400000
3.8400000  0.00028400000
3.8500000  0.00022000000
3.8600000  0.00027600000
3.8700000  0.00026400000
3.8800000  0.00026400000
3.8900000  0.00023200000
3.9000000  0.00024000000
3.9100000  0.00026000000
3.9200000  0.00022800000
3.9300000  0.00020800000
3.9400000  0.00026800000
3.9500000  0.00022400000
3.9600000  0.00021600000
3.9700000  0.00020000000
3.9800000  0.00028800000
3.9900000  0.00025600000
4.0000000  0.00021600000
4.0100000  0.00028000000
4.0200000  0.00022400000
4.0300000  0.00019200000
4.0400000  0.00020000000
4.0500000  0.00019600000
4.0600000  0.00020000000
4.0700000  0.00027600000
4.0800000  0.00022000000
4.0900000  0.00018800000
4.1000000  0.00020400000
4.1100000  0.00020800000
4.1200000  0.00017200000
4.1300000  0.00024800000
4.1400000  0.00015200000
4.1500000  0.00020800000
4.1600000  0.00016000000
4.1700000  0.00022800000
4.1800000  0.00018400000
4.1900000  0.00023200000
4.2000000  0.00024800000
4.2100000  0.00018400000
4.2200000  0.00018000000
4.2300000  0.00018400000
4.2400000  0.00019200000
4.2500000  0.00019600000
4.2600000  0.00019600000
4.2700000  0.00022000000
4.2800000  0.00019600000
4.2900000  0.00017200000
4.3000000  0.00018400000
4.3100000  0.00020000000
4.3200000  0.00015200000
4.3300000  0.00018800000
4.3400000  0.00021200000
4.3500000  0.00012800000
4.3600000  0.00015600000
4.3700000  0.00022800000
4.3800000  0.00020000000
4.3900000  0.00022800000
4.4000000  0.00024400000
4.4100000  0.00018400000
4.4200000  0.00022400000
4.4300000  0.00018400000
4.4400000  0.00018000000
4.4500000  0.00022400000
4.4600000  0.00015200000
4.4700000  0.00015600000
4.4800000  0.00015200000
4.4900000  0.00017600000
4.5000000  0.00017600000
4.5100000  0.00020000000
4.5200000  0.00015200000
4.5300000  0.00017600000
4.5400000  0.00018400000
4.5500000  0.00013200000
4.5600000  0.00012800000
4.5700000  0.00016400000
4.5800000  0.00018800000
4.5900000  0.00016000000
4.6000000  0.00010000000
4.6100000  0.00016400000
4.6200000  0.00016000000
4.6300000  0.00020800000
4.6400000  0.00018800000
4.6500000  0.00018800000
4.6600000  0.00012800000
4.6700000  0.00013200000
4.6800000  0.00014000000
4.6900000  0.00016000000
4.7000000  0.00013200000
4.7100000  0.00017600000
4.7200000  0.00014400000
4.7300000  0.00011600000
4.7400000  0.00013200000
4.7500000  0.00014000000
4.7600000  0.00016800000
4.7700000  0.00012800000
4.7800000  0.00017200000
4.7900000  0.00012000000
4.8000000  0.00014800000
4.8100000  0.00014000000
4.8200000  0.00012800000
4.8300000  0.00016400000
4.8400000  0.00014400000
4.8500000  0.00018000000
4.8600000  0.00014000000
4.8700000  0.00016000000
4.8800000  0.00010800000
4.8900000  0.00013200000
4.9000000  0.00013600000
4.9100000  0.00011200000
4.9200000  9.6000000E-05
4.9300000  8.4000000E-05
4.9400000  0.00018000000
4.9500000  0.00015600000
4.9600000  0.00013600000
4.9700000  0.00014000000
4.9800000  0.00012800000
4.9900000  0.00011200000
5.0000000  0.00015600000
5.0100000  0.00018000000
5.0200000  6.4000000E-05
5.0300000  0.00017600000
5.0400000  8.0000000E-05
5.0500000  0.00012000000
5.0600000  0.00013200000
5.0700000  0.00014000000
5.0800000  0.00011600000
5.0900000  0.00010400000
5.1000000  0.00013600000
5.1100000  9.6000000E-05
5.1200000  0.00012400000
5.1300000  0.00012400000
5.1400000  0.00013200000
5.1500000  0.00012000000
5.1600000  0.00012800000
5.1700000  0.00016800000
5.1800000  8.8000000E-05
5.1900000  0.00015200000
5.2000000  0.00010800000
5.2100000  0.00012000000
5.2200000  0.00010800000
5.2300000  9.2000000E-05
5.2400000  9.6000000E-05
5.2500000  0.00013200000
5.2600000  8.0000000E-05
5.2700000  9.2000000E-05
5.2800000  0.00014400000
5.2900000  0.00013200000
5.3000000  0.00010400000
5.3100000  0.00012400000
5.3200000  0.00012800000
5.3300000  9.6000000E-05
5.3400000  0.00012800000
5.3500000  0.00012800000
5.3600000  0.00014000000
5.3700000  0.00012000000
5.3800000  0.00010800000
5.3900000  0.00014400000
5.4000000  0.00011600000
5.4100000  0.00017200000
5.4200000  0.00010000000
5.4300000  0.00010000000
5.4400000  0.00011600000
5.4500000  8.8000000E-05
5.4600000  8.8000000E-05
5.4700000  9.2000000E-05
5.4800000  0.00011600000
5.4900000  8.0000000E-05
5.5000000  0.00012400000
5.5100000  0.00012000000
5.5200000  0.00010800000
5.5300000  0.00011600000
5.5400000  0.00012800000
5.5500000  0.00010400000
5.5600000  9.6000000E-05
5.5700000  8.4000000E-05
5.5800000  0.00013600000
5.5900000  0.00010800000
5.6000000  0.00010000000
5.6100000  0.00010000000
5.6200000  0.00012400000
5.6300000  8.4000000E-05
5.6400000  0.00010800000
5.6500000  0.00010000000
5.6600000  0.00010000000
5.6700000  7.2000000E-05
5.6800000  0.00011200000
5.6900000  0.00010400000
5.7000000  0.00011200000
5.7100000  0.00010000000
5.7200000  0.00010000000
5.7300000  8.8000000E-05
5.7400000  0.00011200000
5.7500000  9.2000000E-05
5.7600000  8.8000000E-05
5.7700000  0.00010400000
5.7800000  8.8000000E-05
5.7900000  6.0000000E-05
5.8000000  0.00011200000
5.8100000  7.2000000E-05
5.8200000  7.2000000E-05
5.8300000  8.4000000E-05
5.8400000  0.00011600000
5.8500000  8.4000000E-05
5.8600000  6.0000000E-05
5.8700000  8.8000000E-05
5.8800000  7.2000000E-05
5.8900000  0.00013600000
5.9000000  8.8000000E-05
5.9100000  8.0000000E-05
5.9200000  0.00010800000
5.9300000  0.00010400000
5.9400000  6.8000000E-05
5.9500000  0.00010400000
5.9600000  6.8000000E-05
5.9700000  8.4000000E-05
5.9800000  8.0000000E-05
5.9900000  6.0000000E-05
6.0000000  8.4000000E-05
6.0100000  0.00010000000
6.0200000  6.4000000E-05
6.0300000  6.8000000E-05
6.0400000  6.4000000E-05
6.0500000  6.4000000E-05
6.0600000  0.00010400000
6.0700000  6.0000000E-05
6.0800000  8.0000000E-05
6.0900000  7.2000000E-05
6.1000000  4.8000000E-05
6.1100000  9.2000000E-05
6.1200000  8.4000000E-05
6.1300000  8.4000000E-05
6.1400000  4.8000000E-05
6.1500000  6.0000000E-05
6.1600000  9.6000000E-05
6.1700000  6.8000000E-05
6.1800000  6.8000000E-05
6.1900000  7.6000000E-05
6.2000000  4.8000000E-05
6.2100000  8.8000000E-05
6.2200000  9.6000000E-05
6.2300000  8.8000000E-05
6.2400000  5.6000000E-05
6.2500000  6.4000000E-05
6.2600000  2.8000000E-05
6.2700000  6.8000000E-05
6.2800000  7.6000000E-05
6.2900000  8.4000000E-05
6.3000000  0.00010000000
6.3100000  6.0000000E-05
6.3200000  5.2000000E-05
6.3300000  6.4000000E-05
6.3400000  7.2000000E-05
6.3500000  8.8000000E-05
6.3600000  6.8000000E-05
6.3700000  5.6000000E-05
6.3800000  7.6000000E-05
6.3900000  4.4000000E-05
6.4000000  7.2000000E-05
6.4100000  6.8000000E-05
6.4200000  7.2000000E-05
6.4300000  5.6000000E-05
6.4400000  4.4000000E-05
6.4500000  7.6000000E-05
6.4600000  2.4000000E-05
6.4700000  6.0000000E-05
6.4800000  0.00010800000
6.4900000  8.8000000E-05
6.5000000  7.2000000E-05
6.5100000  8.0000000E-05
6.5200000  4.4000000E-05
6.5300000  6.4000000E-05
6.5400000  9.2000000E-05
6.5500000  6.4000000E-05
6.5600000  4.4000000E-05
6.5700000  4.4000000E-05
6.5800000  4.0000000E-05
6.5900000  7.2000000E-05
6.6000000  9.2000000E-05
6.6100000  4.8000000E-05
6.6200000  7.6000000E-05
6.6300000  5.6000000E-05
6.6400000  5.6000000E-05
6.6500000  8.0000000E-05
6.6600000  2.4000000E-05
6.6700000  7.6000000E-05
6.6800000  4.4000000E-05
6.6900000  7.2000000E-05
6.7000000  7.2000000E-05
6.7100000  4.8000000E-05
6.7200000  5.2000000E-05
6.7300000  6.8000000E-05
6.7400000  5.6000000E-05
6.7500000  3.2000000E-05
6.7600000  3.6000000E-05
6.7700000  3.6000000E-05
6.7800000  5.2000000E-05
6.7900000  4.0000000E-05
6.8000000  5.6000000E-05
6.8100000  2.8000000E-05
6.8200000  5.6000000E-05
6.8300000  5.2000000E-05
6.8400000  8.4000000E-05
6.8500000  6.8000000E-05
6.8600000  2.0000000E-05
6.8700000  6.4000000E-05
6.8800000  7.2000000E-05
6.8900000  4.4000000E-05
6.9000000  5.2000000E-05
6.9100000  4.8000000E-05
6.9200000  7.2000000E-05
6.9300000  4.4000000E-05
6.9400000  4.8000000E-05
6.9500000  5.2000000E-05
6.9600000  6.0000000E-05
6.9700000  4.8000000E-05
6.9800000  4.8000000E-05
6.9900000  4.0000000E-05
7.0000000  5.2000000E-05
7.0100000  5.2000000E-05
7.0200000  4.0000000E-05
7.0300000  6.4000000E-05
7.0400000  4.8000000E-05
7.0500000  4.0000000E-05
7.0600000  4.0000000E-05
7.0700000  6.8000000E-05
7.0800000  4.8000000E-05
7.0900000  6.0000000E-05
7.1000000  4.4000000E-05
7.1100000  4.8000000E-05
7.1200000  4.8000000E-05
7.1300000  3.6000000E-05
7.1400000  5.2000000E-05
7.1500000  4.8000000E-05
7.1600000  6.0000000E-05
7.1700000  5.2000000E-05
7.1800000  6.4000000E-05
7.1900000  3.2000000E-05
7.2000000  5.6000000E-05
7.2100000  5.2000000E-05
7.2200000  2.4000000E-05
7.2300000  2.4000000E-05
7.2400000  2.4000000E-05
7.2500000  4.0000000E-05
7.2600000  5.2000000E-05
7.2700000  2.0000000E-05
7.2800000  3.2000000E-05
7.2900000  5.2000000E-05
7.3000000  4.8000000E-05
7.3100000  3.2000000E-05
7.3200000  6.0000000E-05
7.3300000  4.0000000E-05
7.3400000  6.0000000E-05
7.3500000  8.0000000E-05
7.3600000  2.8000000E-05
7.3700000  2.8000000E-05
7.3800000  5.2000000E-05
7.3900000  3.6000000E-05
7.4000000  2.4000000E-05
7.4100000  5.6000000E-05
7.4200000  3.6000000E-05
7.4300000  4.0000000E-05
7.4400000  4.4000000E-05
7.4500000  2.4000000E-05
7.4600000  2.8000000E-05
7.4700000  6.0000000E-05
7.4800000  7.2000000E-05
7.4900000  1.6000000E-05
7.5000000  4.8000000E-05
7.5100000  6.0000000E-05
7.5200000  5.6000000E-05
7.5300000  5.6000000E-05
7.5400000  3.6000000E-05
7.5500000  3.2000000E-05
7.5600000  3.2000000E-05
7.5700000  3.6000000E-05
7.5800000  3.2000000E-05
7.5900000  4.0000000E-05
7.6000000  2.8000000E-05
7.6100000  8.0000000E-06
7.6200000  4.0000000E-05
7.6300000  3.2000000E-05
7.6400000  4.0000000E-05
7.6500000  3.6000000E-05
7.6600000  4.4000000E-05
7.6700000  4.8000000E-05
7.6800000  2.4000000E-05
7.6900000  3.2000000E-05
7.7000000  4.8000000E-05
7.7100000  3.2000000E-05
7.7200000  2.8000000E-05
7.7300000  4.4000000E-05
7.7400000  3.2000000E-05
7.7500000  1.2000000E-05
7.7600000  1.2000000E-05
7.7700000  2.8000000E-05
7.7800000  3.2000000E-05
7.7900000  3.6000000E-05
7.8000000  4.4000000E-05
7.8100000  2.4000000E-05
7.8200000  1.6000000E-05
7.8300000  3.6000000E-05
7.8400000  5.6000000E-05
7.8500000  4.0000000E-05
7.8600000  4.8000000E-05
7.8700000  2.4000000E-05
7.8800000  2.8000000E-05
7.8900000  4.8000000E-05
7.9000000  3.6000000E-05
7.9100000  4.0000000E-05
7.9200000  4.0000000E-05
7.9300000  2.8000000E-05
7.9400000  8.0000000E-06
7.9500000  3.6000000E-05
7.9600000  5.6000000E-05
7.9700000  3.2000000E-05
7.9800000  3.2000000E-05
7.9900000  2.0000000E-05
8.0000000  2.4000000E-05
8.0100000  2.4000000E-05
8.0200000  4.0000000E-05
8.0300000  2.0000000E-05
8.0400000  3.2000000E-05
8.0500000  2.8000000E-05
8.0600000  2.0000000E-05
8.0700000  2.8000000E-05
8.0800000  2.8000000E-05
8.0900000  2.8000000E-05
8.1000000  1.6000000E-05
8.1100000  1.2000000E-05
8.1200000  3.2000000E-05
8.1300000  4.0000000E-05
8.1400000  3.6000000E-05
8.1500000  2.0000000E-05
8.1600000  5.2000000E-05
8.1700000  3.2000000E-05
8.1800000  4.0000000E-05
8.1900000  4.0000000E-05
8.2000000  2.4000000E-05
8.2100000  4.4000000E-05
8.2200000  1.6000000E-05
8.2300000  2.0000000E-05
8.2400000  3.2000000E-05
8.2500000  8.0000000E-06
8.2600000  2.8000000E-05
8.2700000  3.6000000E-05
8.2800000  5.6000000E-05
8.2900000  2.4000000E-05
8.3000000  3.2000000E-05
8.3100000  1.6000000E-05
8.3200000  3.2000000E-05
8.3300000  2.8000000E-05
8.3400000  1.6000000E-05
8.3500000  3.2000000E-05
8.3600000  4.0000000E-05
8.3700000  2.4000000E-05
8.3800000  2.4000000E-05
8.3900000  2.0000000E-05
8.4000000  3.2000000E-05
8.4100000  1.6000000E-05
8.4200000  2.4000000E-05
8.4300000  2.4000000E-05
8.4400000  2.0000000E-05
8.4500000  2.0000000E-05
8.4600000  4.4000000E-05
8.4700000  8.0000000E-06
8.4800000  4.4000000E-05
8.4900000  2.0000000E-05
8.5000000  2.8000000E-05
8.5100000  3.2000000E-05
8.5200000  3.2000000E-05
8.5300000  1.2000000E-05
8.5400000  2.0000000E-05
8.5500000  1.2000000E-05
8.5600000  2.8000000E-05
8.5700000  2.4000000E-05
8.5800000  4.0000000E-05
8.5900000  8.0000000E-06
8.6000000  3.2000000E-05
8.6100000  3.2000000E-05
8.6200000  2.0000000E-05
8.6300000  2.8000000E-05
8.6400000  2.0000000E-05
8.6500000  2.0000000E-05
8.6600000  2.0000000E-05
8.6700000  2.0000000E-05
8.6800000  2.4000000E-05
8.6900000  3.2000000E-05
8.7000000  2.0000000E-05
8.7100000  2.8000000E-05
8.7200000  1.2000000E-05
8.7300000  1.2000000E-05
8.7400000  2.8000000E-05
8.7500000  2.4000000E-05
8.7600000  1.6000000E-05
8.7700000  2.0000000E-05
8.7800000  2.8000000E-05
8.7900000  2.0000000E-05
8.8000000  2.0000000E-05
8.8100000  1.6000000E-05
8.8200000  1.2000000E-05
8.8300000  2.4000000E-05
8.8400000  2.0000000E-05
8.8500000  1.2000000E-05
8.8600000  8.0000000E-06
8.8700000  1.6000000E-05
8.8800000  8.0000000E-06
8.8900000  4.0000000E-05
8.9000000  2.0000000E-05
8.9100000  2.4000000E-05
8.9200000  1.2000000E-05
8.9300000  1.2000000E-05
8.9400000  2.0000000E-05
8.9500000  2.4000000E-05
8.9600000  8.0000000E-06
8.9700000  2.8000000E-05
8.9800000  2.0000000E-05
8.9900000  1.6000000E-05
9.0000000  2.4000000E-05
9.0100000  2.8000000E-05
9.0200000  8.0000000E-06
9.0300000  1.6000000E-05
9.0400000  2.8000000E-05
9.0500000  1.6000000E-05
9.0600000  1.6000000E-05
9.0700000  8.0000000E-06
9.0800000  2.0000000E-05
9.0900000  2.4000000E-05
9.1000000  1.6000000E-05
9.1100000  1.2000000E-05
9.1200000  2.0000000E-05
9.1300000  1.2000000E-05
9.1400000  2.8000000E-05
9.1500000  1.6000000E-05
9.1600000  1.6000000E-05
9.1700000  1.6000000E-05
9.1800000  1.2000000E-05
9.1900000  2.0000000E-05
9.2000000  1.2000000E-05
9.2100000  4.0000000E-06
9.2200000  2.4000000E-05
9.2300000  1.2000000E-05
9.2400000  1.2000000E-05
9.2500000  1.6000000E-05
9.2600000  1.2000000E-05
9.2700000  8.0000000E-06
9.2800000  1.6000000E-05
9.2900000  1.2000000E-05
9.3000000  3.2000000E-05
9.3100000  4.0000000E-06
9.3200000  2.0000000E-05
9.3300000  8.0000000E-06
9.3400000  2.8000000E-05
9.3500000  1.6000000E-05
9.3600000  3.6000000E-05
9.3700000  2.0000000E-05
9.3800000      0.0000000
9.3900000  2.8000000E-05
9.4000000  8.0000000E-06
9.4100000  2.8000000E-05
9.4200000  8.0000000E-06
9.4300000  2.4000000E-05
9.4400000  1.6000000E-05
9.4500000  2.4000000E-05
9.4600000  1.6000000E-05
9.4700000  2.4000000E-05
9.4800000  1.6000000E-05
9.4900000  2.4000000E-05
9.5000000  3.2000000E-05
9.5100000  1.2000000E-05
9.5200000  2.0000000E-05
9.5300000  3.6000000E-05
9.5400000  2.0000000E-05
9.5500000  4.0000000E-06
9.5600000  2.0000000E-05
9.5700000  1.6000000E-05
9.5800000  1.2000000E-05
9.5900000  2.0000000E-05
9.6000000  2.4000000E-05
9.6100000  1.6000000E-05
9.6200000  2.0000000E-05
9.6300000  8.0000000E-06
9.6400000  8.0000000E-06
9.6500000  2.0000000E-05
9.6600000  2.0000000E-05
9.6700000  2.0000000E-05
9.6800000  8.0000000E-06
9.6900000  1.2000000E-05
9.7000000  4.0000000E-06
9.7100000  1.6000000E-05
9.7200000  2.8000000E-05
9.7300000  3.2000000E-05
9.7400000  8.0000000E-06
9.7500000  1.2000000E-05
9.7600000  1.6000000E-05
9.7700000  1.6000000E-05
9.7800000  8.0000000E-06
9.7900000  2.0000000E-05
9.8000000  1.6000000E-05
9.8100000  2.8000000E-05
9.8200000  2.4000000E-05
9.8300000  2.0000000E-05
9.8400000  2.0000000E-05
9.8500000  2.4000000E-05
9.8600000  2.0000000E-05
9.8700000  2.0000000E-05
9.8800000  2.0000000E-05
9.8900000  4.0000000E-06
9.9000000  3.2000000E-05
9.9100000  1.2000000E-05
9.9200000  8.0000000E-06
9.9300000  2.8000000E-05
9.9400000  1.6000000E-05
9.9500000  2.4000000E-05
9.9600000  2.8000000E-05
9.9700000  2.0000000E-05
9.9800000  1.6000000E-05
9.9900000  2.4000000E-05
