X              Y
0.0000000      0.0000000
0.010000000      0.0000000
0.020000000      0.0000000
0.030000000      0.0000000
0.040000000      0.0000000
0.050000000      0.0000000
0.060000000      0.0000000
0.070000000      0.0000000
0.080000000      0.0000000
0.090000000      0.0000000
0.10000000      0.0000000
0.11000000      0.0000000
0.12000000      0.0000000
0.13000000      0.0000000
0.14000000      0.0000000
0.15000000      0.0000000
0.16000000      0.0000000
0.17000000      0.0000000
0.18000000      0.0000000
0.19000000      0.0000000
0.20000000      0.0000000
0.21000000      0.0000000
0.22000000      0.0000000
0.23000000      0.0000000
0.24000000      0.0000000
0.25000000      0.0000000
0.26000000      0.0000000
0.27000000      0.0000000
0.28000000      0.0000000
0.29000000      0.0000000
0.30000000      0.0000000
0.31000000      0.0000000
0.32000000      0.0000000
0.33000000      0.0000000
0.34000000      0.0000000
0.35000000      0.0000000
0.36000000      0.0000000
0.37000000      0.0000000
0.38000000      0.0000000
0.39000000      0.0000000
0.40000000      0.0000000
0.41000000      0.0000000
0.42000000      0.0000000
0.43000000      0.0000000
0.44000000      0.0000000
0.45000000      0.0000000
0.46000000      0.0000000
0.47000000      0.0000000
0.48000000      0.0000000
0.49000000      0.0000000
0.50000000  4.0000000E-06
0.51000000  4.0000000E-06
0.52000000  8.0000000E-06
0.53000000  4.0000000E-06
0.54000000  2.0000000E-05
0.55000000  1.2000000E-05
0.56000000  1.6000000E-05
0.57000000  4.8000000E-05
0.58000000  5.6000000E-05
0.59000000  8.0000000E-05
0.60000000  0.00014800000
0.61000000  0.00016000000
0.62000000  0.00020400000
0.63000000  0.00031200000
0.64000000  0.00034400000
0.65000000  0.00060400000
0.66000000  0.00062800000
0.67000000  0.00084400000
0.68000000   0.0010440000
0.69000000   0.0011320000
0.70000000   0.0016480000
0.71000000   0.0019840000
0.72000000   0.0024120000
0.73000000   0.0032280000
0.74000000   0.0036360000
0.75000000   0.0045200000
0.76000000   0.0049720000
0.77000000   0.0060880000
0.78000000   0.0067720000
0.79000000   0.0082520000
0.80000000   0.0093720000
0.81000000    0.010616000
0.82000000    0.011740000
0.83000000    0.014012000
0.84000000    0.015400000
0.85000000    0.016852000
0.86000000    0.018776000
0.87000000    0.019952000
0.88000000    0.021708000
0.89000000    0.022880000
0.90000000    0.025716000
0.91000000    0.026988000
0.92000000    0.028012000
0.93000000    0.029444000
0.94000000    0.030584000
0.95000000    0.030924000
0.96000000    0.031968000
0.97000000    0.032204000
0.98000000    0.032368000
0.99000000    0.031968000
1.0000000    0.037600000
1.0100000    0.030740000
1.0200000    0.030700000
1.0300000    0.029632000
1.0400000    0.029136000
1.0500000    0.028336000
1.0600000    0.026956000
1.0700000    0.025176000
1.0800000    0.024504000
1.0900000    0.022496000
1.1000000    0.020464000
1.1100000    0.019588000
1.1200000    0.017584000
1.1300000    0.016716000
1.1400000    0.014820000
1.1500000    0.013804000
1.1600000    0.012072000
1.1700000    0.011188000
1.1800000   0.0099600000
1.1900000   0.0083840000
1.2000000   0.0077360000
1.2100000   0.0068960000
1.2200000   0.0060280000
1.2300000   0.0053040000
1.2400000   0.0047480000
1.2500000   0.0040640000
1.2600000   0.0035720000
1.2700000   0.0030480000
1.2800000   0.0026480000
1.2900000   0.0023160000
1.3000000   0.0018840000
1.3100000   0.0015600000
1.3200000   0.0015480000
1.3300000   0.0013040000
1.3400000   0.0010560000
1.3500000  0.00098800000
1.3600000  0.00080000000
1.3700000  0.00062800000
1.3800000  0.00058800000
1.3900000  0.00052800000
1.4000000  0.00035200000
1.4100000  0.00037200000
1.4200000  0.00026000000
1.4300000  0.00018800000
1.4400000  0.00018800000
1.4500000  0.00018400000
1.4600000  0.00014800000
1.4700000  0.00011200000
1.4800000  7.6000000E-05
1.4900000  8.0000000E-05
1.5000000  3.2000000E-05
1.5100000  4.4000000E-05
1.5200000  4.0000000E-05
1.5300000  3.2000000E-05
1.5400000  2.8000000E-05
1.5500000  2.8000000E-05
1.5600000  1.2000000E-05
1.5700000  4.0000000E-06
1.5800000  1.2000000E-05
1.5900000  1.2000000E-05
1.6000000  4.0000000E-06
1.6100000  8.0000000E-06
1.6200000  4.0000000E-06
1.6300000      0.0000000
1.6400000      0.0000000
1.6500000  4.0000000E-06
1.6600000      0.0000000
1.6700000      0.0000000
1.6800000      0.0000000
1.6900000  4.0000000E-06
1.7000000      0.0000000
1.7100000      0.0000000
1.7200000      0.0000000
1.7300000      0.0000000
1.7400000      0.0000000
1.7500000  4.0000000E-06
1.7600000      0.0000000
1.7700000      0.0000000
1.7800000      0.0000000
1.7900000      0.0000000
1.8000000      0.0000000
1.8100000      0.0000000
1.8200000      0.0000000
1.8300000      0.0000000
1.8400000      0.0000000
1.8500000      0.0000000
1.8600000      0.0000000
1.8700000      0.0000000
1.8800000      0.0000000
1.8900000      0.0000000
1.9000000      0.0000000
1.9100000      0.0000000
1.9200000      0.0000000
1.9300000      0.0000000
1.9400000      0.0000000
1.9500000      0.0000000
1.9600000      0.0000000
1.9700000      0.0000000
1.9800000      0.0000000
1.9900000      0.0000000
2.0000000      0.0000000
2.0100000      0.0000000
2.0200000      0.0000000
2.0300000      0.0000000
2.0400000      0.0000000
2.0500000      0.0000000
2.0600000      0.0000000
2.0700000      0.0000000
2.0800000      0.0000000
2.0900000      0.0000000
2.1000000      0.0000000
2.1100000      0.0000000
2.1200000      0.0000000
2.1300000      0.0000000
2.1400000      0.0000000
2.1500000      0.0000000
2.1600000      0.0000000
2.1700000      0.0000000
2.1800000      0.0000000
2.1900000      0.0000000
2.2000000      0.0000000
2.2100000      0.0000000
2.2200000      0.0000000
2.2300000      0.0000000
2.2400000      0.0000000
2.2500000      0.0000000
2.2600000      0.0000000
2.2700000      0.0000000
2.2800000      0.0000000
2.2900000      0.0000000
2.3000000      0.0000000
2.3100000      0.0000000
2.3200000      0.0000000
2.3300000      0.0000000
2.3400000      0.0000000
2.3500000      0.0000000
2.3600000      0.0000000
2.3700000      0.0000000
2.3800000      0.0000000
2.3900000      0.0000000
2.4000000      0.0000000
2.4100000      0.0000000
2.4200000      0.0000000
2.4300000      0.0000000
2.4400000      0.0000000
2.4500000      0.0000000
2.4600000      0.0000000
2.4700000      0.0000000
2.4800000      0.0000000
2.4900000      0.0000000
2.5000000      0.0000000
2.5100000      0.0000000
2.5200000      0.0000000
2.5300000      0.0000000
2.5400000      0.0000000
2.5500000      0.0000000
2.5600000      0.0000000
2.5700000      0.0000000
2.5800000      0.0000000
2.5900000      0.0000000
2.6000000      0.0000000
2.6100000      0.0000000
2.6200000      0.0000000
2.6300000      0.0000000
2.6400000      0.0000000
2.6500000      0.0000000
2.6600000      0.0000000
2.6700000      0.0000000
2.6800000      0.0000000
2.6900000      0.0000000
2.7000000      0.0000000
2.7100000      0.0000000
2.7200000      0.0000000
2.7300000      0.0000000
2.7400000      0.0000000
2.7500000      0.0000000
2.7600000      0.0000000
2.7700000      0.0000000
2.7800000      0.0000000
2.7900000      0.0000000
2.8000000      0.0000000
2.8100000      0.0000000
2.8200000      0.0000000
2.8300000      0.0000000
2.8400000      0.0000000
2.8500000      0.0000000
2.8600000      0.0000000
2.8700000      0.0000000
2.8800000      0.0000000
2.8900000      0.0000000
2.9000000      0.0000000
2.9100000      0.0000000
2.9200000      0.0000000
2.9300000      0.0000000
2.9400000      0.0000000
2.9500000      0.0000000
2.9600000      0.0000000
2.9700000      0.0000000
2.9800000      0.0000000
2.9900000      0.0000000
3.0000000      0.0000000
3.0100000      0.0000000
3.0200000      0.0000000
3.0300000      0.0000000
3.0400000      0.0000000
3.0500000      0.0000000
3.0600000      0.0000000
3.0700000      0.0000000
3.0800000      0.0000000
3.0900000      0.0000000
3.1000000      0.0000000
3.1100000      0.0000000
3.1200000      0.0000000
3.1300000      0.0000000
3.1400000      0.0000000
3.1500000      0.0000000
3.1600000      0.0000000
3.1700000      0.0000000
3.1800000      0.0000000
3.1900000      0.0000000
3.2000000      0.0000000
3.2100000      0.0000000
3.2200000      0.0000000
3.2300000      0.0000000
3.2400000      0.0000000
3.2500000      0.0000000
3.2600000      0.0000000
3.2700000      0.0000000
3.2800000      0.0000000
3.2900000      0.0000000
3.3000000      0.0000000
3.3100000      0.0000000
3.3200000      0.0000000
3.3300000      0.0000000
3.3400000      0.0000000
3.3500000      0.0000000
3.3600000      0.0000000
3.3700000      0.0000000
3.3800000      0.0000000
3.3900000      0.0000000
3.4000000      0.0000000
3.4100000      0.0000000
3.4200000      0.0000000
3.4300000      0.0000000
3.4400000      0.0000000
3.4500000      0.0000000
3.4600000      0.0000000
3.4700000      0.0000000
3.4800000      0.0000000
3.4900000      0.0000000
3.5000000      0.0000000
3.5100000      0.0000000
3.5200000      0.0000000
3.5300000      0.0000000
3.5400000      0.0000000
3.5500000      0.0000000
3.5600000      0.0000000
3.5700000      0.0000000
3.5800000      0.0000000
3.5900000      0.0000000
3.6000000      0.0000000
3.6100000      0.0000000
3.6200000      0.0000000
3.6300000      0.0000000
3.6400000      0.0000000
3.6500000      0.0000000
3.6600000      0.0000000
3.6700000      0.0000000
3.6800000      0.0000000
3.6900000      0.0000000
3.7000000      0.0000000
3.7100000      0.0000000
3.7200000      0.0000000
3.7300000      0.0000000
3.7400000      0.0000000
3.7500000      0.0000000
3.7600000      0.0000000
3.7700000      0.0000000
3.7800000      0.0000000
3.7900000      0.0000000
3.8000000      0.0000000
3.8100000      0.0000000
3.8200000      0.0000000
3.8300000      0.0000000
3.8400000      0.0000000
3.8500000      0.0000000
3.8600000      0.0000000
3.8700000      0.0000000
3.8800000      0.0000000
3.8900000      0.0000000
3.9000000      0.0000000
3.9100000      0.0000000
3.9200000      0.0000000
3.9300000      0.0000000
3.9400000      0.0000000
3.9500000      0.0000000
3.9600000      0.0000000
3.9700000      0.0000000
3.9800000      0.0000000
3.9900000      0.0000000
4.0000000      0.0000000
4.0100000      0.0000000
4.0200000      0.0000000
4.0300000      0.0000000
4.0400000      0.0000000
4.0500000      0.0000000
4.0600000      0.0000000
4.0700000      0.0000000
4.0800000      0.0000000
4.0900000      0.0000000
4.1000000      0.0000000
4.1100000      0.0000000
4.1200000      0.0000000
4.1300000      0.0000000
4.1400000      0.0000000
4.1500000      0.0000000
4.1600000      0.0000000
4.1700000      0.0000000
4.1800000      0.0000000
4.1900000      0.0000000
4.2000000      0.0000000
4.2100000      0.0000000
4.2200000      0.0000000
4.2300000      0.0000000
4.2400000      0.0000000
4.2500000      0.0000000
4.2600000      0.0000000
4.2700000      0.0000000
4.2800000      0.0000000
4.2900000      0.0000000
4.3000000      0.0000000
4.3100000      0.0000000
4.3200000      0.0000000
4.3300000      0.0000000
4.3400000      0.0000000
4.3500000      0.0000000
4.3600000      0.0000000
4.3700000      0.0000000
4.3800000      0.0000000
4.3900000      0.0000000
4.4000000      0.0000000
4.4100000      0.0000000
4.4200000      0.0000000
4.4300000      0.0000000
4.4400000      0.0000000
4.4500000      0.0000000
4.4600000      0.0000000
4.4700000      0.0000000
4.4800000      0.0000000
4.4900000      0.0000000
4.5000000      0.0000000
4.5100000      0.0000000
4.5200000      0.0000000
4.5300000      0.0000000
4.5400000      0.0000000
4.5500000      0.0000000
4.5600000      0.0000000
4.5700000      0.0000000
4.5800000      0.0000000
4.5900000      0.0000000
4.6000000      0.0000000
4.6100000      0.0000000
4.6200000      0.0000000
4.6300000      0.0000000
4.6400000      0.0000000
4.6500000      0.0000000
4.6600000      0.0000000
4.6700000      0.0000000
4.6800000      0.0000000
4.6900000      0.0000000
4.7000000      0.0000000
4.7100000      0.0000000
4.7200000      0.0000000
4.7300000      0.0000000
4.7400000      0.0000000
4.7500000      0.0000000
4.7600000      0.0000000
4.7700000      0.0000000
4.7800000      0.0000000
4.7900000      0.0000000
4.8000000      0.0000000
4.8100000      0.0000000
4.8200000      0.0000000
4.8300000      0.0000000
4.8400000      0.0000000
4.8500000      0.0000000
4.8600000      0.0000000
4.8700000      0.0000000
4.8800000      0.0000000
4.8900000      0.0000000
4.9000000      0.0000000
4.9100000      0.0000000
4.9200000      0.0000000
4.9300000      0.0000000
4.9400000      0.0000000
4.9500000      0.0000000
4.9600000      0.0000000
4.9700000      0.0000000
4.9800000      0.0000000
4.9900000      0.0000000
5.0000000      0.0000000
5.0100000      0.0000000
5.0200000      0.0000000
5.0300000      0.0000000
5.0400000      0.0000000
5.0500000      0.0000000
5.0600000      0.0000000
5.0700000      0.0000000
5.0800000      0.0000000
5.0900000      0.0000000
5.1000000      0.0000000
5.1100000      0.0000000
5.1200000      0.0000000
5.1300000      0.0000000
5.1400000      0.0000000
5.1500000      0.0000000
5.1600000      0.0000000
5.1700000      0.0000000
5.1800000      0.0000000
5.1900000      0.0000000
5.2000000      0.0000000
5.2100000      0.0000000
5.2200000      0.0000000
5.2300000      0.0000000
5.2400000      0.0000000
5.2500000      0.0000000
5.2600000      0.0000000
5.2700000      0.0000000
5.2800000      0.0000000
5.2900000      0.0000000
5.3000000      0.0000000
5.3100000      0.0000000
5.3200000      0.0000000
5.3300000      0.0000000
5.3400000      0.0000000
5.3500000      0.0000000
5.3600000      0.0000000
5.3700000      0.0000000
5.3800000      0.0000000
5.3900000      0.0000000
5.4000000      0.0000000
5.4100000      0.0000000
5.4200000      0.0000000
5.4300000      0.0000000
5.4400000      0.0000000
5.4500000      0.0000000
5.4600000      0.0000000
5.4700000      0.0000000
5.4800000      0.0000000
5.4900000      0.0000000
5.5000000      0.0000000
5.5100000      0.0000000
5.5200000      0.0000000
5.5300000      0.0000000
5.5400000      0.0000000
5.5500000      0.0000000
5.5600000      0.0000000
5.5700000      0.0000000
5.5800000      0.0000000
5.5900000      0.0000000
5.6000000      0.0000000
5.6100000      0.0000000
5.6200000      0.0000000
5.6300000      0.0000000
5.6400000      0.0000000
5.6500000      0.0000000
5.6600000      0.0000000
5.6700000      0.0000000
5.6800000      0.0000000
5.6900000      0.0000000
5.7000000      0.0000000
5.7100000      0.0000000
5.7200000      0.0000000
5.7300000      0.0000000
5.7400000      0.0000000
5.7500000      0.0000000
5.7600000      0.0000000
5.7700000      0.0000000
5.7800000      0.0000000
5.7900000      0.0000000
5.8000000      0.0000000
5.8100000      0.0000000
5.8200000      0.0000000
5.8300000      0.0000000
5.8400000      0.0000000
5.8500000      0.0000000
5.8600000      0.0000000
5.8700000      0.0000000
5.8800000      0.0000000
5.8900000      0.0000000
5.9000000      0.0000000
5.9100000      0.0000000
5.9200000      0.0000000
5.9300000      0.0000000
5.9400000      0.0000000
5.9500000      0.0000000
5.9600000      0.0000000
5.9700000      0.0000000
5.9800000      0.0000000
5.9900000      0.0000000
6.0000000      0.0000000
6.0100000      0.0000000
6.0200000      0.0000000
6.0300000      0.0000000
6.0400000      0.0000000
6.0500000      0.0000000
6.0600000      0.0000000
6.0700000      0.0000000
6.0800000      0.0000000
6.0900000      0.0000000
6.1000000      0.0000000
6.1100000      0.0000000
6.1200000      0.0000000
6.1300000      0.0000000
6.1400000      0.0000000
6.1500000      0.0000000
6.1600000      0.0000000
6.1700000      0.0000000
6.1800000      0.0000000
6.1900000      0.0000000
6.2000000      0.0000000
6.2100000      0.0000000
6.2200000      0.0000000
6.2300000      0.0000000
6.2400000      0.0000000
6.2500000      0.0000000
6.2600000      0.0000000
6.2700000      0.0000000
6.2800000      0.0000000
6.2900000      0.0000000
6.3000000      0.0000000
6.3100000      0.0000000
6.3200000      0.0000000
6.3300000      0.0000000
6.3400000      0.0000000
6.3500000      0.0000000
6.3600000      0.0000000
6.3700000      0.0000000
6.3800000      0.0000000
6.3900000      0.0000000
6.4000000      0.0000000
6.4100000      0.0000000
6.4200000      0.0000000
6.4300000      0.0000000
6.4400000      0.0000000
6.4500000      0.0000000
6.4600000      0.0000000
6.4700000      0.0000000
6.4800000      0.0000000
6.4900000      0.0000000
6.5000000      0.0000000
6.5100000      0.0000000
6.5200000      0.0000000
6.5300000      0.0000000
6.5400000      0.0000000
6.5500000      0.0000000
6.5600000      0.0000000
6.5700000      0.0000000
6.5800000      0.0000000
6.5900000      0.0000000
6.6000000      0.0000000
6.6100000      0.0000000
6.6200000      0.0000000
6.6300000      0.0000000
6.6400000      0.0000000
6.6500000      0.0000000
6.6600000      0.0000000
6.6700000      0.0000000
6.6800000      0.0000000
6.6900000      0.0000000
6.7000000      0.0000000
6.7100000      0.0000000
6.7200000      0.0000000
6.7300000      0.0000000
6.7400000      0.0000000
6.7500000      0.0000000
6.7600000      0.0000000
6.7700000      0.0000000
6.7800000      0.0000000
6.7900000      0.0000000
6.8000000      0.0000000
6.8100000      0.0000000
6.8200000      0.0000000
6.8300000      0.0000000
6.8400000      0.0000000
6.8500000      0.0000000
6.8600000      0.0000000
6.8700000      0.0000000
6.8800000      0.0000000
6.8900000      0.0000000
6.9000000      0.0000000
6.9100000      0.0000000
6.9200000      0.0000000
6.9300000      0.0000000
6.9400000      0.0000000
6.9500000      0.0000000
6.9600000      0.0000000
6.9700000      0.0000000
6.9800000      0.0000000
6.9900000      0.0000000
7.0000000      0.0000000
7.0100000      0.0000000
7.0200000      0.0000000
7.0300000      0.0000000
7.0400000      0.0000000
7.0500000      0.0000000
7.0600000      0.0000000
7.0700000      0.0000000
7.0800000      0.0000000
7.0900000      0.0000000
7.1000000      0.0000000
7.1100000      0.0000000
7.1200000      0.0000000
7.1300000      0.0000000
7.1400000      0.0000000
7.1500000      0.0000000
7.1600000      0.0000000
7.1700000      0.0000000
7.1800000      0.0000000
7.1900000      0.0000000
7.2000000      0.0000000
7.2100000      0.0000000
7.2200000      0.0000000
7.2300000      0.0000000
7.2400000      0.0000000
7.2500000      0.0000000
7.2600000      0.0000000
7.2700000      0.0000000
7.2800000      0.0000000
7.2900000      0.0000000
7.3000000      0.0000000
7.3100000      0.0000000
7.3200000      0.0000000
7.3300000      0.0000000
7.3400000      0.0000000
7.3500000      0.0000000
7.3600000      0.0000000
7.3700000      0.0000000
7.3800000      0.0000000
7.3900000      0.0000000
7.4000000      0.0000000
7.4100000      0.0000000
7.4200000      0.0000000
7.4300000      0.0000000
7.4400000      0.0000000
7.4500000      0.0000000
7.4600000      0.0000000
7.4700000      0.0000000
7.4800000      0.0000000
7.4900000      0.0000000
7.5000000      0.0000000
7.5100000      0.0000000
7.5200000      0.0000000
7.5300000      0.0000000
7.5400000      0.0000000
7.5500000      0.0000000
7.5600000      0.0000000
7.5700000      0.0000000
7.5800000      0.0000000
7.5900000      0.0000000
7.6000000      0.0000000
7.6100000      0.0000000
7.6200000      0.0000000
7.6300000      0.0000000
7.6400000      0.0000000
7.6500000      0.0000000
7.6600000      0.0000000
7.6700000      0.0000000
7.6800000      0.0000000
7.6900000      0.0000000
7.7000000      0.0000000
7.7100000      0.0000000
7.7200000      0.0000000
7.7300000      0.0000000
7.7400000      0.0000000
7.7500000      0.0000000
7.7600000      0.0000000
7.7700000      0.0000000
7.7800000      0.0000000
7.7900000      0.0000000
7.8000000      0.0000000
7.8100000      0.0000000
7.8200000      0.0000000
7.8300000      0.0000000
7.8400000      0.0000000
7.8500000      0.0000000
7.8600000      0.0000000
7.8700000      0.0000000
7.8800000      0.0000000
7.8900000      0.0000000
7.9000000      0.0000000
7.9100000      0.0000000
7.9200000      0.0000000
7.9300000      0.0000000
7.9400000      0.0000000
7.9500000      0.0000000
7.9600000      0.0000000
7.9700000      0.0000000
7.9800000      0.0000000
7.9900000      0.0000000
8.0000000      0.0000000
8.0100000      0.0000000
8.0200000      0.0000000
8.0300000      0.0000000
8.0400000      0.0000000
8.0500000      0.0000000
8.0600000      0.0000000
8.0700000      0.0000000
8.0800000      0.0000000
8.0900000      0.0000000
8.1000000      0.0000000
8.1100000      0.0000000
8.1200000      0.0000000
8.1300000      0.0000000
8.1400000      0.0000000
8.1500000      0.0000000
8.1600000      0.0000000
8.1700000      0.0000000
8.1800000      0.0000000
8.1900000      0.0000000
8.2000000      0.0000000
8.2100000      0.0000000
8.2200000      0.0000000
8.2300000      0.0000000
8.2400000      0.0000000
8.2500000      0.0000000
8.2600000      0.0000000
8.2700000      0.0000000
8.2800000      0.0000000
8.2900000      0.0000000
8.3000000      0.0000000
8.3100000      0.0000000
8.3200000      0.0000000
8.3300000      0.0000000
8.3400000      0.0000000
8.3500000      0.0000000
8.3600000      0.0000000
8.3700000      0.0000000
8.3800000      0.0000000
8.3900000      0.0000000
8.4000000      0.0000000
8.4100000      0.0000000
8.4200000      0.0000000
8.4300000      0.0000000
8.4400000      0.0000000
8.4500000      0.0000000
8.4600000      0.0000000
8.4700000      0.0000000
8.4800000      0.0000000
8.4900000      0.0000000
8.5000000      0.0000000
8.5100000      0.0000000
8.5200000      0.0000000
8.5300000      0.0000000
8.5400000      0.0000000
8.5500000      0.0000000
8.5600000      0.0000000
8.5700000      0.0000000
8.5800000      0.0000000
8.5900000      0.0000000
8.6000000      0.0000000
8.6100000      0.0000000
8.6200000      0.0000000
8.6300000      0.0000000
8.6400000      0.0000000
8.6500000      0.0000000
8.6600000      0.0000000
8.6700000      0.0000000
8.6800000      0.0000000
8.6900000      0.0000000
8.7000000      0.0000000
8.7100000      0.0000000
8.7200000      0.0000000
8.7300000      0.0000000
8.7400000      0.0000000
8.7500000      0.0000000
8.7600000      0.0000000
8.7700000      0.0000000
8.7800000      0.0000000
8.7900000      0.0000000
8.8000000      0.0000000
8.8100000      0.0000000
8.8200000      0.0000000
8.8300000      0.0000000
8.8400000      0.0000000
8.8500000      0.0000000
8.8600000      0.0000000
8.8700000      0.0000000
8.8800000      0.0000000
8.8900000      0.0000000
8.9000000      0.0000000
8.9100000      0.0000000
8.9200000      0.0000000
8.9300000      0.0000000
8.9400000      0.0000000
8.9500000      0.0000000
8.9600000      0.0000000
8.9700000      0.0000000
8.9800000      0.0000000
8.9900000      0.0000000
9.0000000      0.0000000
9.0100000      0.0000000
9.0200000      0.0000000
9.0300000      0.0000000
9.0400000      0.0000000
9.0500000      0.0000000
9.0600000      0.0000000
9.0700000      0.0000000
9.0800000      0.0000000
9.0900000      0.0000000
9.1000000      0.0000000
9.1100000      0.0000000
9.1200000      0.0000000
9.1300000      0.0000000
9.1400000      0.0000000
9.1500000      0.0000000
9.1600000      0.0000000
9.1700000      0.0000000
9.1800000      0.0000000
9.1900000      0.0000000
9.2000000      0.0000000
9.2100000      0.0000000
9.2200000      0.0000000
9.2300000      0.0000000
9.2400000      0.0000000
9.2500000      0.0000000
9.2600000      0.0000000
9.2700000      0.0000000
9.2800000      0.0000000
9.2900000      0.0000000
9.3000000      0.0000000
9.3100000      0.0000000
9.3200000      0.0000000
9.3300000      0.0000000
9.3400000      0.0000000
9.3500000      0.0000000
9.3600000      0.0000000
9.3700000      0.0000000
9.3800000      0.0000000
9.3900000      0.0000000
9.4000000      0.0000000
9.4100000      0.0000000
9.4200000      0.0000000
9.4300000      0.0000000
9.4400000      0.0000000
9.4500000      0.0000000
9.4600000      0.0000000
9.4700000      0.0000000
9.4800000      0.0000000
9.4900000      0.0000000
9.5000000      0.0000000
9.5100000      0.0000000
9.5200000      0.0000000
9.5300000      0.0000000
9.5400000      0.0000000
9.5500000      0.0000000
9.5600000      0.0000000
9.5700000      0.0000000
9.5800000      0.0000000
9.5900000      0.0000000
9.6000000      0.0000000
9.6100000      0.0000000
9.6200000      0.0000000
9.6300000      0.0000000
9.6400000      0.0000000
9.6500000      0.0000000
9.6600000      0.0000000
9.6700000      0.0000000
9.6800000      0.0000000
9.6900000      0.0000000
9.7000000      0.0000000
9.7100000      0.0000000
9.7200000      0.0000000
9.7300000      0.0000000
9.7400000      0.0000000
9.7500000      0.0000000
9.7600000      0.0000000
9.7700000      0.0000000
9.7800000      0.0000000
9.7900000      0.0000000
9.8000000      0.0000000
9.8100000      0.0000000
9.8200000      0.0000000
9.8300000      0.0000000
9.8400000      0.0000000
9.8500000      0.0000000
9.8600000      0.0000000
9.8700000      0.0000000
9.8800000      0.0000000
9.8900000      0.0000000
9.9000000      0.0000000
9.9100000      0.0000000
9.9200000      0.0000000
9.9300000      0.0000000
9.9400000      0.0000000
9.9500000      0.0000000
9.9600000      0.0000000
9.9700000      0.0000000
9.9800000      0.0000000
9.9900000      0.0000000
